R = 
 [0.9998656857832966, -0.01383513396045696, 0.008786322404408442;
 0.01394056927906066, 0.9998301632477319, -0.01205426016765583;
 -0.008618057859733208, 0.01217512744533027, 0.9998887414859797]

T = 
 [-19.77952030352132;
 0.1068597555280126;
 0.1816140997408625]

E = 
 [-0.003452727495509085, -0.1802822238496661, 0.109037090078795;
 0.01112865597179905, 0.2383055251038471, 19.77891538351783;
 -0.3825831758414777, -19.77468259499884, 0.2374885794659515]

F = 
 [-8.956474344621754e-009, -4.673195219284798e-007, 0.0005802507494310912;
 2.880358398588687e-008, 6.163453992048427e-007, 0.08660707847702077;
 -0.001681143738315407, -0.08663524393207892, 1]

