R = 
 [0.9998656853165591, -0.01383513264152476, 0.008786377594843131;
 0.01394056894566166, 0.999830162813879, -0.01205429653872253;
 -0.008618112549682727, 0.01217516457234236, 0.9998887405625275]

T = 
 [-19.77952034998372;
 0.1068597787655449;
 0.1816106274486956]

E = 
 [-0.003452685073649077, -0.1802787478181255, 0.109037077964521;
 0.01112410191986069, 0.2383063083031833, 19.77891539122411;
 -0.3825831930792535, -19.7746826326914, 0.2374892933264652]

F = 
 [-8.956367513636818e-009, -4.673106798359405e-007, 0.0005802489569245328;
 2.879180731281367e-008, 6.16347645974278e-007, 0.08660711250391595;
 -0.001681141789490691, -0.08663527680072077, 1]

