R1 = 
 [0.9998127663122649, -0.01934745307224233, -0.0003292091031159537;
 0.01934512317241663, 0.9997947567360124, -0.00601752545668686;
 0.0004455653265493884, 0.00601003018255532, 0.9999818403394856]

R2 = 
 [0.9999432588010999, -0.005402239969572897, -0.009181229849395277;
 0.005457359513728874, 0.9999671734674615, 0.005989091302848997;
 0.009148573953037229, -0.006038856746694466, 0.9999399160968716]

P1 = 
 [1646.702191443114, 0, 326.7198638916016, 0;
 0, 1646.702191443114, 216.7853908538818, 0;
 0, 0, 1, 0]

P2 = 
 [1646.702191443114, 0, 326.7198638916016, -32572.82772730866;
 0, 1646.702191443114, 216.7853908538818, 0;
 0, 0, 1, 0]

Q = 
 [1, 0, 0, -326.7198638916016;
 0, 1, 0, -216.7853908538818;
 0, 0, 0, 1646.702191443114;
 0, 0, 0.05055447458319802, -0]

