0.999932 0.00387852 -0.0110347 0.0804821 -0.0038715 0.999992 0.000657886 -0.0839019 0.0110372 -0.00061512 0.999939 -0.993219
0.999992 0.00124123 -0.00381266 -0.0628391 -0.00124493 0.999999 -0.000969298 0.0785187 0.00381145 0.000974037 0.999992 -0.99493
0.999995 0.00281827 -0.00122542 -0.0173409 -0.00281563 0.999994 0.00215377 -0.0340554 0.00123148 -0.00215031 0.999997 -0.999269
0.999994 -0.000111817 0.00349954 -0.0142155 0.000113683 1 -0.000533122 0.112268 -0.00349948 0.000533516 0.999994 -0.993576
0.999954 0.00453192 0.0084535 -0.0515219 -0.00453178 0.99999 -3.60765e-005 0.165012 -0.00845357 -2.23455e-006 0.999964 -0.984945
0.99991 0.00120083 0.0133494 0.0522561 -0.00119239 0.999999 -0.000640885 0.099547 -0.0133501 0.00062491 0.999911 -0.99366
0.999897 -0.000527277 0.0143105 0.045845 0.000532502 1 -0.000361266 0.0529343 -0.0143103 0.000368849 0.999898 -0.997545
0.999819 -0.00508509 0.0183249 0.0534003 0.00507288 0.999987 0.000712342 -0.0228936 -0.0183283 -0.000619253 0.999832 -0.998311
0.999849 -0.00417816 0.0168946 0.112008 0.00414682 0.99999 0.00189006 -0.0203695 -0.0169024 -0.00181971 0.999855 -0.993498
0.999732 0.000756347 0.0231459 -0.0864167 -0.000771943 0.999999 0.00066487 -0.0229602 -0.0231454 -0.000682559 0.999732 -0.995994
0.999796 0.00123529 0.0201834 0.0324445 -0.0012263 0.999999 -0.000458197 -0.00805125 -0.020184 0.000433352 0.999796 -0.999441
0.999841 0.00123577 0.0177842 0.0424641 -0.00121506 0.999999 -0.00117531 0.0144755 -0.0177856 0.00115352 0.999841 -0.998993
0.999847 -0.00147811 0.0174437 0.14002 0.00149352 0.999999 -0.000870704 0.0216949 -0.0174424 0.000896623 0.999847 -0.989911
0.999875 -0.00170765 0.0157496 0.134319 0.00171066 0.999999 -0.000177741 0.0150088 -0.0157493 0.000204661 0.999876 -0.990824
0.999909 -0.000748006 0.0134628 0.000502138 0.000749329 1 -9.32628e-005 0.000740606 -0.0134627 0.000103342 0.999909 -1
0.999896 0.00219583 0.0142361 -0.098824 -0.00221736 0.999996 0.00149667 -0.0184841 -0.0142327 -0.00152809 0.999898 -0.994933
0.999953 0.00381888 0.00891097 0.14421 -0.00383582 0.999991 0.00188499 -0.00511858 -0.00890369 -0.00191908 0.999959 -0.989534
0.999956 -0.00066815 0.0093823 0.00804987 0.000646695 0.999997 0.0022896 -0.00531027 -0.0093838 -0.00228343 0.999953 -0.999953
0.999964 -0.000880088 0.00840393 -0.0401306 0.000875929 0.999999 0.000498514 0.0310239 -0.00840437 -0.000491135 0.999965 -0.998713
0.999964 -0.000271069 0.00850684 0.0462273 0.000244785 0.999995 0.00309072 0.00321213 -0.00850763 -0.00308853 0.999959 -0.998926
0.999966 0.00360919 0.00742171 0.0150828 -0.00361915 0.999993 0.00132843 0.0202313 -0.00741686 -0.00135524 0.999972 -0.999682
0.999962 0.00602769 0.00630635 0.100929 -0.00603258 0.999982 0.000757 0.0217873 -0.00630167 -0.000795015 0.99998 -0.994655
0.999807 0.000646528 0.0196324 -0.459001 -0.00071461 0.999994 0.00346104 -0.0472136 -0.01963 -0.0034744 0.999801 -0.887181
0.999955 -0.00391067 0.00868971 0.046275 0.00388326 0.999987 0.0031685 0.0224916 -0.00870199 -0.00313461 0.999957 -0.998676
0.999941 -0.00243746 0.0105874 -0.00911865 0.00240474 0.999992 0.00310163 -0.0126331 -0.0105949 -0.00307599 0.999939 -0.999879
0.999961 0.0034738 0.00817762 0.0584481 -0.00348814 0.999992 0.00173988 -0.0111386 -0.00817152 -0.00176833 0.999965 -0.998228
0.999933 0.0033112 0.0111132 -0.0606505 -0.00334624 0.999989 0.00313571 -0.0244274 -0.0111027 -0.00317269 0.999933 -0.99786
0.999977 -0.000601827 0.0067267 0.150295 0.00059124 0.999999 0.00157587 0.0341104 -0.00672764 -0.00157186 0.999976 -0.988053
0.999956 -0.000959637 0.00933221 0.00688908 0.00092776 0.999994 0.00341956 -0.00051114 -0.00933543 -0.00341075 0.999951 -0.999976
0.999968 -1.39272e-005 0.00802719 0.0898618 -3.4309e-005 0.999982 0.00600893 -0.0268465 -0.00802713 -0.00600902 0.99995 -0.995592
0.999982 0.00036144 0.00590997 0.0339606 -0.000402805 0.999975 0.00699945 0.020562 -0.00590729 -0.00700171 0.999958 -0.999212
0.999974 -0.0045749 0.00557195 -0.0706179 0.00452323 0.999947 0.00925039 -0.0153791 -0.00561397 -0.00922495 0.999942 -0.997385
0.999988 -0.00322215 0.00381001 0.0607905 0.00318597 0.99995 0.00946425 -0.0064097 -0.00384032 -0.00945199 0.999948 -0.99813
0.999989 -0.00336062 0.00335747 0.086821 0.00333236 0.999959 0.00838714 0.016671 -0.00338551 -0.00837586 0.999959 -0.996084
0.999985 -0.00197818 0.00518076 0.00106737 0.00194527 0.999978 0.00634807 0.0129858 -0.0051932 -0.0063379 0.999966 -0.999915
0.999976 -0.00354365 0.00588825 0.00768374 0.00350195 0.999969 0.00707714 -0.0199246 -0.00591314 -0.00705635 0.999958 -0.999772
0.999988 -0.00344653 0.00352782 0.131464 0.00342994 0.999983 0.00469893 0.0442792 -0.00354396 -0.00468677 0.999983 -0.990331
0.999974 -0.00481431 0.00540142 0.038097 0.00478167 0.99997 0.00604008 -0.0106871 -0.00543034 -0.00601409 0.999967 -0.999217
0.999982 -0.00452312 0.00385781 0.0785642 0.00451351 0.999987 0.00249624 0.0195278 -0.00386905 -0.00247879 0.999989 -0.996718
0.999985 -0.00130556 0.00537251 0.00961319 0.00129619 0.999998 0.00174697 -0.00330348 -0.00537478 -0.00173998 0.999984 -0.999948
0.999972 0.00128375 0.0073392 0.00707169 -0.00127793 0.999999 -0.000797626 -0.00434058 -0.00734022 0.000788225 0.999973 -0.999966
0.999984 -0.000467755 0.00555561 0.109033 0.00048276 0.999996 -0.00269994 0.0419397 -0.00555432 0.00270258 0.999981 -0.993153
0.999979 0.000141604 0.00641612 0.0214732 -0.000139123 1 -0.000387159 -0.00607275 -0.00641617 0.000386258 0.999979 -0.999751
0.999955 0.00202332 0.00924401 -0.0254321 -0.00199786 0.999994 -0.0027618 -0.0212663 -0.00924955 0.00274321 0.999953 -0.99945
0.999977 -0.000382026 0.00670589 0.0501276 0.000419698 0.999984 -0.00561723 0.0316917 -0.00670364 0.00561992 0.999962 -0.99824
0.999964 -2.82893e-006 0.00847287 -0.00441111 5.08167e-005 0.999984 -0.00566349 0.00917118 -0.00847272 0.00566372 0.999948 -0.999948
0.999944 -0.00395144 0.00979766 0.00600301 0.00397786 0.999989 -0.00267828 -0.00738655 -0.00978697 0.00271711 0.999948 -0.999955
0.999966 0.000643415 0.00824609 0.0630129 -0.000628118 0.999998 -0.00185746 -0.002352 -0.00824727 0.00185222 0.999964 -0.99801
0.999941 -0.000387239 0.0108198 -0.0416294 0.000373203 0.999999 0.00129922 -0.0101249 -0.0108203 -0.0012951 0.999941 -0.999082
0.999951 0.00159794 0.00974296 0.0560246 -0.00161293 0.999998 0.00153116 -0.0480391 -0.00974049 -0.0015468 0.999951 -0.997273
0.999941 0.00431415 0.00996628 0.0498496 -0.00430364 0.99999 -0.00107548 -0.03441 -0.00997082 0.00103252 0.99995 -0.998164
0.999902 0.00198902 0.0138268 -0.0970104 -0.00197611 0.999998 -0.000947401 0.00785021 -0.0138287 0.000919986 0.999904 -0.995252
0.999959 0.000516208 0.00904326 -0.0325912 -0.000485238 0.999994 -0.00342653 -0.000466208 -0.00904497 0.003422 0.999953 -0.999469
0.999959 -0.00451884 0.00788572 0.0167505 0.00455411 0.99998 -0.00445985 0.0342039 -0.00786541 0.00449558 0.999959 -0.999274
0.999953 6.10651e-005 0.00972977 -0.0574245 -1.99109e-005 0.999991 -0.00422977 0.0403365 -0.00972994 0.00422937 0.999944 -0.997535
0.999973 0.000535767 0.00738631 0.00221836 -0.000515779 0.999996 -0.00270763 0.0407129 -0.00738774 0.00270375 0.999969 -0.999168
0.999933 -0.00199384 0.0113917 -0.137416 0.00199065 0.999998 0.000291582 0.0197762 -0.0113922 -0.000268885 0.999935 -0.990316
0.999985 -0.00240356 0.00496142 0.00363785 0.00241262 0.999995 -0.00182199 0.0350976 -0.00495701 0.00183394 0.999986 -0.999377
0.999981 -0.000938648 0.00602995 -0.0135474 0.000937233 1 0.000237549 0.0195759 -0.00603017 -0.000231893 0.999982 -0.999717
0.999986 0.00111614 0.00525232 0.028681 -0.00111723 0.999999 0.000203931 0.011157 -0.00525209 -0.000209796 0.999986 -0.999526
0.999968 -0.00439059 0.00665987 -0.096251 0.00437675 0.999988 0.00209151 0.0352228 -0.00666898 -0.0020623 0.999976 -0.994734
0.99999 0.00280327 0.00334511 0.0170563 -0.00280502 0.999996 0.000520717 -0.0161848 -0.00334364 -0.000530095 0.999994 -0.999724
0.999985 0.00541188 0.000690459 0.0393718 -0.00540999 0.999982 -0.00271125 -0.0142395 -0.000705119 0.00270748 0.999996 -0.999123
0.999969 0.00767125 0.00157992 0.0507446 -0.00766773 0.999968 -0.00222349 -0.0404742 -0.00159693 0.0022113 0.999996 -0.997891
0.999999 0.000404229 0.00093363 -0.0611857 -0.000403194 0.999999 -0.00110782 0.0354523 -0.000934077 0.00110744 0.999999 -0.997497
0.999992 0.00371809 0.00177819 -0.0378077 -0.00371809 0.999993 -5.32312e-006 0.0127253 -0.0017782 -1.2884e-006 0.999998 -0.999204
0.999997 0.000282084 0.00262787 -0.0328311 -0.000283615 1 0.000582311 0.027949 -0.0026277 -0.000583054 0.999996 -0.99907
0.999991 0.00324974 0.00262142 0.0628605 -0.00324586 0.999994 -0.00148372 -0.00528846 -0.00262622 0.00147519 0.999995 -0.998008
0.999994 0.00109078 0.0033731 0.0329195 -0.00107749 0.999992 -0.00393917 0.0101848 -0.00337737 0.00393551 0.999987 -0.999406
0.999981 0.00408307 0.00462747 0.081089 -0.00406553 0.999985 -0.00379217 -0.00836943 -0.00464288 0.00377329 0.999982 -0.996672
0.999935 0.00116011 0.0113434 -0.18103 -0.00115406 0.999999 -0.000540342 -0.0046612 -0.011344 0.000527216 0.999936 -0.983466
0.99993 0.00117444 0.0117426 -0.065846 -0.00121476 0.999993 0.00342742 0.0140512 -0.0117385 -0.00344145 0.999925 -0.997731
0.999942 -8.1925e-005 0.0107938 0.00705711 5.00173e-005 0.999996 0.00295636 0.0274387 -0.010794 -0.00295565 0.999937 -0.999599
0.99994 0.002149 0.0107445 0.032198 -0.00214558 0.999998 -0.000330091 -0.00723145 -0.0107452 0.000307018 0.999942 -0.999455
0.999965 0.000201192 0.00840405 0.124017 -0.000153894 0.999984 -0.0056283 0.0069051 -0.00840505 0.00562681 0.999949 -0.992256
0.999966 -0.00378864 0.00728887 0.0764332 0.00382037 0.999983 -0.00434529 0.0306011 -0.00727229 0.00437299 0.999964 -0.996605
0.999959 -0.000454762 0.0090461 -0.0554259 0.000435596 0.999998 0.00212052 -0.00173266 -0.00904705 -0.00211649 0.999957 -0.998461
0.999974 -0.0026884 0.00674391 -0.0350957 0.00264823 0.999979 0.00595903 -0.000708056 -0.00675979 -0.00594102 0.99996 -0.999384
0.999985 -0.00448045 0.00299569 0.0991914 0.00446009 0.999967 0.00677087 0.0189762 -0.00302593 -0.00675741 0.999973 -0.994887
0.999996 0.000602774 0.00286188 0.160606 -0.000606568 0.999999 0.0013248 0.0083874 -0.00286108 -0.00132653 0.999995 -0.986983
0.999991 0.000697833 0.00414493 0.0907334 -0.000677644 0.999988 -0.00487005 0.0279989 -0.00414828 0.0048672 0.99998 -0.995482
0.999972 0.00133255 0.00736668 -0.0634126 -0.00129322 0.999985 -0.00534126 0.0168271 -0.00737368 0.00533158 0.999959 -0.997846
0.999994 -0.00135857 0.0033298 0.0646588 0.00136652 0.999996 -0.00238519 0.0158086 -0.00332654 0.00238973 0.999992 -0.997782
0.999984 -0.00290781 0.00487818 -0.0382589 0.00290502 0.999996 0.000579808 0.0262613 -0.00487984 -0.000565627 0.999988 -0.998923
0.999976 -0.0028865 0.00633059 -0.0623647 0.00287262 0.999993 0.00220186 0.029829 -0.0063369 -0.00218362 0.999978 -0.997608
0.99998 0.00135224 0.00621116 0.0275635 -0.00136674 0.999996 0.00233087 0.0294345 -0.00620799 -0.00233931 0.999978 -0.999187
0.99994 -0.00331913 0.0104794 -0.143499 0.00330921 0.999994 0.000964423 0.0342211 -0.0104826 -0.000929686 0.999945 -0.989059
0.999978 -0.00030644 0.00666695 0.0252915 0.000317659 0.999999 -0.00168177 0.0309278 -0.00666642 0.00168385 0.999976 -0.999202
0.999977 -0.00227626 0.00642126 -0.00347166 0.00227278 0.999997 0.000549161 -0.0035417 -0.00642249 -0.000534554 0.999979 -0.999988
0.999975 0.000858309 0.00698763 0.0346331 -0.000865905 0.999999 0.00108411 0.0305197 -0.00698669 -0.00109013 0.999975 -0.998934
0.999957 0.000651102 0.00928774 -0.0306946 -0.000660587 0.999999 0.0010182 0.0139523 -0.00928707 -0.00102429 0.999956 -0.999431
0.999935 0.00236875 0.0111948 -0.0388677 -0.00238872 0.999996 0.00177038 7.16515e-005 -0.0111905 -0.00179701 0.999936 -0.999244
0.999972 7.54717e-005 0.00747865 0.0369599 -8.23008e-005 1 0.000912838 0.0173218 -0.00747858 -0.000913428 0.999972 -0.999167
0.999956 0.00158893 0.00920894 0.00551817 -0.00158718 0.999999 -0.000197655 0.0396372 -0.00920924 0.00018303 0.999958 -0.999199
0.999942 0.00271578 0.0104559 0.02908 -0.00273433 0.999995 0.00176025 -0.0225649 -0.010451 -0.00178874 0.999944 -0.999322
0.999935 0.00386555 0.0107181 0.0151287 -0.00384991 0.999991 -0.00147914 -0.0135855 -0.0107238 0.00143778 0.999941 -0.999793
0.999942 0.00220375 0.0105096 -0.0478132 -0.00219865 0.999997 -0.000496844 0.0137773 -0.0105106 0.000473708 0.999945 -0.998761
0.99993 -0.00123858 0.0117389 -0.0540763 0.00123008 0.999999 0.000730501 0.0332763 -0.0117398 -0.000716011 0.999931 -0.997982
0.999949 0.00486867 0.00886066 0.108501 -0.00489183 0.999985 0.00259383 -0.0160411 -0.00884789 -0.00263704 0.999957 -0.993967
0.999948 0.00225669 0.00990397 -0.0022675 -0.00226674 0.999997 0.00100351 -0.0338974 -0.00990168 -0.00102591 0.99995 -0.999423
0.999964 0.000616727 0.00850764 -0.0293315 -0.000605874 0.999999 -0.00127817 0.0143574 -0.00850842 0.00127297 0.999963 -0.999467
0.999969 -2.01326e-005 0.00789949 -0.0382976 1.57436e-005 1 0.000555663 -0.00117046 -0.0078995 -0.000555522 0.999969 -0.999266
0.999967 -0.00397232 0.00706079 -0.0376354 0.00395495 0.999989 0.00247158 0.0144803 -0.00707053 -0.00244357 0.999972 -0.999187
0.999951 -0.000478083 0.00988198 -0.0998553 0.000449684 0.999996 0.0028758 0.0086115 -0.00988331 -0.00287122 0.999947 -0.994965
0.999978 -0.00033414 0.00669432 0.00240309 0.00031503 0.999996 0.00285557 0.0266139 -0.00669524 -0.00285339 0.999974 -0.999643
0.999975 0.00130177 0.00698194 0.0335249 -0.00130665 0.999999 0.000693841 -0.00391486 -0.00698103 -0.000702946 0.999975 -0.99943
0.999965 0.00323797 0.00772328 0.0419652 -0.003228 0.999994 -0.00130282 0.000827399 -0.00772745 0.00127785 0.999969 -0.999119
0.999984 0.000607881 0.00559777 0.0458541 -0.000598849 0.999999 -0.001615 0.0159227 -0.00559875 0.00161163 0.999983 -0.998821
0.999965 0.00128048 0.00831481 -0.0454818 -0.00127967 0.999999 -0.000102814 0.0245451 -0.00831494 9.21706e-005 0.999965 -0.998664
0.999976 0.000737162 0.00686564 -0.0256418 -0.000737186 1 9.12825e-007 0.0269727 -0.00686564 -5.97406e-006 0.999976 -0.999307
0.99998 0.00215476 0.00591582 -0.0188841 -0.00214864 0.999997 -0.00104016 0.0324374 -0.00591805 0.00102742 0.999982 -0.999295
0.999982 0.00107528 0.00594186 0.00462649 -0.00107603 0.999999 0.000122493 0.0102064 -0.00594173 -0.000128884 0.999982 -0.999937
0.99999 0.00227091 0.0039123 0.0750508 -0.00227474 0.999997 0.000975336 0.0136987 -0.00391008 -0.000984226 0.999992 -0.997086
0.999963 0.00379377 0.00777553 -0.0800182 -0.00382697 0.999984 0.00425952 -0.000431691 -0.00775924 -0.00428912 0.999961 -0.996793
0.999974 0.00531748 0.00479848 0.0196513 -0.00532143 0.999986 0.000809833 0.0239028 -0.0047941 -0.000835347 0.999988 -0.999521
0.99994 0.00529857 0.00962392 -0.0437178 -0.00530869 0.999985 0.00102686 -0.00771175 -0.00961834 -0.00107789 0.999953 -0.999014
0.999936 0.0046865 0.0102997 0.0109558 -0.00469185 0.999989 0.000495653 0.00477237 -0.0102973 -0.000543946 0.999947 -0.999929
0.999923 0.00401021 0.011742 -0.00977081 -0.00399094 0.999991 -0.0016639 0.0190264 -0.0117486 0.00161691 0.99993 -0.999771
0.999948 0.00181413 0.0100835 0.08374 -0.00177942 0.999992 -0.00345048 0.0263349 -0.0100897 0.00343236 0.999943 -0.99614
0.999941 -0.000454268 0.0108577 -0.0069039 0.000469067 0.999999 -0.0013605 0.0359172 -0.0108571 0.00136551 0.99994 -0.999331
0.999922 -0.000215849 0.0125154 0.0149528 0.000168522 0.999993 0.00378237 -0.0291083 -0.0125162 -0.00377997 0.999915 -0.999464
0.999933 0.00215507 0.0113373 0.0145144 -0.00216892 0.999997 0.00120919 0.0222888 -0.0113347 -0.0012337 0.999935 -0.999646
0.999889 -0.00192774 0.0147966 -0.0793597 0.00190946 0.999997 0.00124946 0.0261662 -0.014799 -0.00122107 0.99989 -0.996503
0.999936 0.00525874 0.00997913 0.104148 -0.00523008 0.999982 -0.00289583 0.0299892 -0.00999418 0.00284346 0.999946 -0.99411
0.99992 0.000226365 0.0126639 -0.0207854 -0.000207909 0.999999 -0.00145867 0.0230447 -0.0126642 0.00145592 0.999919 -0.999518
0.999932 0.003395 0.0111419 0.0702805 -0.00341462 0.999993 0.00174228 -0.0317248 -0.0111359 -0.00178021 0.999936 -0.997023
0.999903 0.00385789 0.0134087 -0.0105297 -0.00386405 0.999992 0.000433464 0.00746702 -0.013407 -0.000485234 0.99991 -0.999917
0.999932 -0.000305128 0.0116888 0.0305249 0.000282838 0.999998 0.00190857 -0.001947 -0.0116893 -0.00190514 0.99993 -0.999532
0.99992 0.00323883 0.0122016 0.0078844 -0.00324821 0.999994 0.000749276 0.00376768 -0.0121991 -0.00078885 0.999925 -0.999962
0.999927 0.000586672 0.01206 0.000973914 -0.000578439 1 -0.000686142 0.0197624 -0.0120604 0.000679116 0.999927 -0.999804
0.999945 0.000836803 0.010408 0.026231 -0.000807042 0.999996 -0.00286323 0.0110387 -0.0104104 0.00285467 0.999942 -0.999595
0.999976 0.000690752 0.00686886 0.0447333 -0.000670167 0.999995 -0.00299875 0.0226454 -0.0068709 0.00299408 0.999972 -0.998742
0.999953 0.000947357 0.00964892 -0.00965046 -0.0009478 1 4.13649e-005 0.00980828 -0.00964888 -5.05082e-005 0.999953 -0.999905
0.999946 0.00396785 0.00960852 -0.00690733 -0.00399733 0.999987 0.00305079 -0.0109323 -0.0095963 -0.00308903 0.999949 -0.999916
0.999974 0.00265498 0.00663274 0.0254642 -0.00267076 0.999994 0.00237157 0.0160933 -0.0066264 -0.00238923 0.999975 -0.999546
0.999991 -0.000250966 0.00418247 0.0473526 0.000245258 0.999999 0.0013653 0.0335819 -0.00418281 -0.00136426 0.99999 -0.998314
0.999976 0.00376927 0.00583003 0.00681528 -0.0037843 0.99999 0.00256924 0.0147683 -0.00582029 -0.00259124 0.99998 -0.999868
0.999974 0.00419421 0.00584813 0.00375358 -0.00419586 0.999991 0.000270887 -1.158e-005 -0.00584694 -0.000295418 0.999983 -0.999993
0.999991 0.00232158 0.00345635 0.0420321 -0.00231118 0.999993 -0.00301064 -0.0018761 -0.00346332 0.00300262 0.999989 -0.999114
0.999982 0.00380295 0.00455584 -0.0128014 -0.00378598 0.999986 -0.00372774 0.00586573 -0.00456995 0.00371042 0.999983 -0.999901
0.999989 -6.4569e-005 0.00468695 -0.0501583 7.2836e-005 0.999998 -0.00176367 0.032155 -0.00468683 0.00176399 0.999987 -0.998224
0.999987 0.00337528 0.003697 0.0175239 -0.00337407 0.999994 -0.0003329 -0.00627601 -0.00369811 0.000320422 0.999993 -0.999827
0.999993 0.00171384 0.00322483 -0.0135678 -0.00170893 0.999997 -0.00152479 0.0141666 -0.00322743 0.00151927 0.999994 -0.999808
0.999993 0.00211362 0.00296728 0.00369349 -0.00210716 0.999995 -0.00217971 0.018376 -0.00297188 0.00217345 0.999993 -0.999824
0.999988 0.00480735 0.000508871 0.0705378 -0.00480787 0.999988 0.00101977 -0.0145573 -0.000503962 -0.0010222 0.999999 -0.997403
0.999997 0.000553343 0.00258334 -0.0565506 -0.00054683 0.999997 -0.00252119 0.0652895 -0.00258473 0.00251977 0.999993 -0.996263
0.999986 0.00483929 0.00211388 0.0164167 -0.00483835 0.999988 -0.000449377 -0.026767 -0.00211603 0.000439143 0.999998 -0.999507
0.999996 -0.000681439 0.00281564 -0.0265223 0.000688696 0.999996 -0.00257705 0.0303388 -0.00281388 0.00257898 0.999993 -0.999188
0.999973 0.00730423 -0.000178568 0.0733318 -0.00730366 0.999969 0.00300692 -0.035942 0.000200526 -0.00300554 0.999995 -0.99666
0.999987 0.00181958 0.0047893 -0.101369 -0.00181951 0.999998 -1.77171e-005 0.0328862 -0.00478932 9.00265e-006 0.999989 -0.994305
1 0.000257269 -0.000543439 0.0452282 -0.000256966 1 0.000557344 0.0311251 0.000543583 -0.000557204 1 -0.998492
0.999997 0.000969759 -0.00211903 0.0481052 -0.000963956 0.999996 0.0027381 -0.009941 0.00212167 -0.00273605 0.999994 -0.998793
0.999993 -0.00286639 -0.00236324 0.0123108 0.00286694 0.999996 0.000230024 0.027231 0.00236257 -0.000236798 0.999997 -0.999553
0.999981 -0.00249097 -0.005678 0.0564599 0.00249353 0.999997 0.000444157 0.0316419 0.00567687 -0.000458307 0.999984 -0.997903
0.999972 -0.00155403 -0.00727925 0.0378218 0.00158007 0.999992 0.00357287 -0.017966 0.00727365 -0.00358427 0.999967 -0.999123
0.99998 -0.00040891 -0.00624315 -0.0220529 0.000409827 1 0.00014555 0.0104945 0.00624309 -0.000148106 0.999981 -0.999702
0.99998 -0.00217756 -0.00601425 -0.0370484 0.00217453 0.999998 -0.000510791 0.00475455 0.00601534 0.000497702 0.999982 -0.999302
0.999964 -0.0017568 -0.0082796 -0.0288838 0.00175423 0.999998 -0.000317835 0.00972777 0.00828014 0.000303299 0.999966 -0.999535
0.999947 0.000212796 -0.0102749 0.0302792 -0.000204174 1 0.000840209 -0.00311395 0.010275 -0.000838067 0.999947 -0.999537
0.999952 -0.00237496 -0.00954499 -0.032342 0.00237695 0.999997 0.00019753 0.00868414 0.00954449 -0.000220208 0.999954 -0.999439
0.99988 -0.00162749 -0.0154034 0.121007 0.0016292 0.999999 9.81515e-005 0.0352745 0.0154032 -0.000123235 0.999881 -0.992025
0.999875 -0.00297566 -0.0155376 0.0757977 0.00300322 0.999994 0.00175076 0.0405577 0.0155323 -0.00179721 0.999878 -0.996298
0.999929 -0.00243096 -0.0116718 -0.0155169 0.0024528 0.999995 0.00185761 0.0205889 0.0116673 -0.00188611 0.99993 -0.999668
0.99992 -0.00205807 -0.0124737 -0.0172209 0.00205827 0.999998 3.90808e-006 0.010288 0.0124737 -2.95822e-005 0.999922 -0.999799
0.999855 -0.00108944 -0.0169976 0.0443114 0.00106937 0.999999 -0.0011901 0.000538364 0.0169988 0.00117175 0.999855 -0.999018
0.999916 -0.000131145 -0.0129392 -0.00580256 0.000128269 1 -0.000223105 -0.00378336 0.0129392 0.000221427 0.999916 -0.999976
0.999854 -0.000620727 -0.0170558 0.0453727 0.00061467 1 -0.000360343 0.0164873 0.017056 0.000349807 0.999854 -0.998834
0.999921 -0.00173139 -0.0124113 0.00796493 0.00174401 0.999998 0.00100546 0.0153169 0.0124095 -0.00102703 0.999922 -0.999851
0.999857 1.7902e-005 -0.0169396 0.0767401 8.17144e-006 0.999999 0.00153913 0.0137758 0.0169396 -0.00153904 0.999855 -0.996956
0.999885 0.00170459 -0.0150681 0.044005 -0.00169882 0.999998 0.000395707 0.0238853 0.0150688 -0.000370064 0.999886 -0.998746
0.999922 0.000147737 -0.0124536 -0.00152086 -0.000148225 1 -3.82897e-005 0.021382 0.0124536 4.01327e-005 0.999922 -0.99977
0.999905 -0.0019468 -0.0136282 0.0327773 0.00192005 0.999996 -0.00197594 0.0176776 0.013632 0.00194959 0.999905 -0.999306
0.999901 -0.000787836 -0.0140653 0.0450547 0.000743354 0.999995 -0.00316749 0.0114712 0.0140678 0.00315672 0.999896 -0.998919
0.999934 -0.00290902 -0.0111436 -0.0557827 0.00289006 0.999994 -0.00171721 0.0326204 0.0111485 0.00168489 0.999936 -0.99791
0.999888 -0.00234348 -0.0147784 0.0440867 0.00238216 0.999994 0.00260024 -0.00439106 0.0147722 -0.00263515 0.999887 -0.999018
0.999906 -0.0028578 -0.0133803 0.0323425 0.00288505 0.999994 0.00201768 0.00753763 0.0133745 -0.00205609 0.999908 -0.999448
0.999918 -0.00116617 -0.0127737 0.00913589 0.00116894 0.999999 0.000209445 0.0255461 0.0127735 -0.000224359 0.999918 -0.999632
0.999825 -0.00249829 -0.0185261 0.136666 0.00245026 0.999994 -0.00261473 0.0352864 0.0185325 0.00256888 0.999825 -0.989989
0.999932 -0.000242081 -0.011653 -0.0121914 0.000222204 0.999999 -0.00170698 0.022506 0.0116533 0.00170427 0.999931 -0.999672
0.999945 -0.000142045 -0.0105071 -0.0101383 0.000125431 0.999999 -0.00158192 0.0272762 0.0105073 0.00158051 0.999944 -0.999577
0.99995 -0.00165366 -0.0098721 -0.0344354 0.00166992 0.999997 0.00163933 -0.00750403 0.00986936 -0.00165573 0.99995 -0.999379
0.999931 -0.0015182 -0.0116703 0.035666 0.00151455 0.999999 -0.000321452 0.0202227 0.0116707 0.000303754 0.999932 -0.999159
0.999948 -0.00195246 -0.0100189 0.0225149 0.00192271 0.999994 -0.00297826 0.0274538 0.0100246 0.00295884 0.999945 -0.999369
0.999942 -0.000842734 -0.0107322 0.00978034 0.000815119 0.999996 -0.0025772 0.0262279 0.0107344 0.0025683 0.999939 -0.999608
0.999945 -0.00245564 -0.0102409 0.0183777 0.00245079 0.999997 -0.000485823 0.0184776 0.010242 0.000460698 0.999947 -0.99966
0.999915 -0.000372982 -0.0130508 0.057297 0.000374908 1 0.000145134 0.00751875 0.0130507 -0.000150015 0.999915 -0.998329
0.99991 -0.00158565 -0.0133119 0.0299965 0.00158037 0.999999 -0.000407299 0.000923942 0.0133125 0.000386225 0.999911 -0.99955
0.99991 -0.00144755 -0.0133108 0.0251905 0.00141393 0.999996 -0.00253475 0.0155341 0.0133144 0.00251571 0.999908 -0.999562
0.999908 -0.00356013 -0.0131082 -0.0214578 0.00351348 0.999987 -0.00358037 0.0321471 0.0131208 0.00353399 0.999908 -0.999253
0.999858 -0.00162588 -0.0167662 0.0839888 0.00160789 0.999998 -0.00108695 0.047192 0.016768 0.00105983 0.999859 -0.995349
0.999887 -0.00169031 -0.0149354 0.0349071 0.00170045 0.999998 0.000666588 0.0187354 0.0149343 -0.000691909 0.999888 -0.999215
0.999876 -0.000453957 -0.015738 0.0190905 0.000494938 0.999996 0.00260013 0.00936992 0.0157368 -0.0026076 0.999873 -0.999774
0.999875 -0.00166757 -0.0157141 -0.0354989 0.00165998 0.999998 -0.00049575 0.024689 0.0157149 0.000469603 0.999876 -0.999065
0.999867 0.000118169 -0.0162779 -0.0240483 -0.000144947 0.999999 -0.0016439 0.0133554 0.0162777 0.00164605 0.999866 -0.999622
0.999866 -0.00242136 -0.0162117 0.00441779 0.00236806 0.999992 -0.00330632 0.042552 0.0162196 0.00326748 0.999863 -0.999084
0.999864 0.000742524 -0.0164846 0.020779 -0.000770015 0.999998 -0.00166139 -0.0108128 0.0164833 0.00167385 0.999863 -0.999726
0.99989 0.000714482 -0.0148457 -0.0193355 -0.000756473 0.999996 -0.00282306 0.010238 0.0148436 0.00283398 0.999886 -0.999761
0.999878 0.000909615 -0.0156164 0.0266865 -0.000933156 0.999998 -0.00150022 0.0174603 0.015615 0.00151461 0.999877 -0.999491
0.999919 0.000322598 -0.0127141 -0.0425433 -0.000341071 0.999999 -0.00145085 0.0179002 0.0127136 0.00145507 0.999918 -0.998934
0.999937 0.00185532 -0.0110558 -0.0440667 -0.00186898 0.999998 -0.0012253 0.036301 0.0110535 0.00124589 0.999938 -0.998369
0.999921 0.000279379 -0.0125904 -0.0028216 -0.000283722 1 -0.000343178 0.0435832 0.0125903 0.000346723 0.999921 -0.999046
0.999901 -0.00232949 -0.01388 0.0304448 0.00231983 0.999997 -0.000712227 0.0116233 0.0138816 0.000679957 0.999903 -0.999469
0.999949 0.000612272 -0.0100445 -0.0697007 -0.000613842 1 -0.000153255 -0.00257192 0.0100444 0.000159413 0.99995 -0.997565
0.999915 0.000262131 -0.0130581 0.0437242 -0.000262192 1 -2.9606e-006 0.0226301 0.0130581 6.38408e-006 0.999915 -0.998787
0.999925 0.00225406 -0.0120715 0.0529408 -0.00223905 0.999997 0.00125664 0.00553931 0.0120743 -0.00122952 0.999926 -0.998582
0.999964 0.000567294 -0.00851606 -0.0155554 -0.000566296 1 0.000119582 0.020559 0.00851613 -0.000114755 0.999964 -0.999668
0.999969 -0.00103366 -0.00783454 0.0143931 0.00102537 0.999999 -0.00106139 0.00489134 0.00783563 0.00105333 0.999969 -0.999884
0.999946 -0.000139269 -0.0104332 0.120597 0.000100418 0.999993 -0.00372423 0.0209324 0.0104337 0.00372297 0.999939 -0.992481
0.999968 -0.00407901 -0.00690152 -0.01051 0.00405001 0.999983 -0.00421034 0.0191076 0.00691857 0.00418225 0.999967 -0.999762
0.99997 -0.00211526 -0.00740697 0.0104845 0.00209919 0.999995 -0.00217709 0.00220207 0.00741154 0.00216148 0.99997 -0.999943
0.999972 -0.00221182 -0.00709102 -0.0106884 0.00219993 0.999996 -0.00168403 -0.0158831 0.00709472 0.00166839 0.999973 -0.999817
0.99997 -0.00155704 -0.00759739 0.0296452 0.00153823 0.999996 -0.00248108 0.0275666 0.00760122 0.00246932 0.999968 -0.99918
0.999985 0.000279068 -0.00543219 -0.0236224 -0.00029552 0.999995 -0.00302797 0.0202758 0.00543132 0.00302953 0.999981 -0.999515
0.999965 0.000172987 -0.00838873 -0.0026074 -0.000186939 0.999999 -0.00166244 0.00564789 0.00838843 0.00166395 0.999963 -0.999981
0.999949 0.000426825 -0.0100769 0.0433997 -0.000435707 1 -0.000879193 0.000510353 0.0100765 0.000883539 0.999949 -0.999058
0.999957 0.00108686 -0.00916501 -0.00517633 -0.00108885 0.999999 -0.000212025 -0.0041889 0.00916478 0.000221995 0.999958 -0.999978
0.999963 0.00238494 -0.00831465 -0.0371118 -0.00238678 0.999997 -0.000211178 0.0175081 0.00831412 0.000231015 0.999965 -0.999158
0.999944 0.00310441 -0.0101238 0.025923 -0.00307885 0.999992 0.00253936 -0.0216218 0.0101316 -0.00250805 0.999946 -0.99943
0.999924 0.00362064 -0.0117801 -0.0171045 -0.00357694 0.999987 0.00372898 -0.0403003 0.0117935 -0.00368656 0.999924 -0.999041
0.999919 -0.000546225 -0.0127067 -0.0379707 0.000556469 1 0.000802653 -0.00286083 0.0127063 -0.000809659 0.999919 -0.999275
0.999859 -0.00187589 -0.0166819 0.0354495 0.00186571 0.999998 -0.000626209 0.014776 0.016683 0.000594998 0.999861 -0.999262
0.999824 -0.00183647 -0.0186606 -0.0186811 0.0017802 0.999994 -0.0030315 0.0108599 0.0186661 0.00299774 0.999821 -0.999767
0.999789 -0.00257716 -0.0204003 -0.00323459 0.00253929 0.999995 -0.00188201 0.0118149 0.0204051 0.00182981 0.99979 -0.999925
0.999748 -0.00100021 -0.0224442 -0.00487487 0.000974963 0.999999 -0.0011356 0.0110215 0.0224453 0.00111343 0.999747 -0.999927
0.999756 -0.00137504 -0.022056 -0.0322797 0.00133811 0.999998 -0.00168897 0.00461087 0.0220583 0.00165904 0.999755 -0.999468
0.999706 -0.000985267 -0.0242305 0.106761 0.000929952 0.999997 -0.00229404 -0.0210617 0.0242327 0.00227083 0.999704 -0.994062
0.999782 -0.00176005 -0.0207871 -0.0568373 0.00166461 0.999988 -0.00460763 0.0495214 0.020795 0.00457202 0.999773 -0.997155
0.999682 -0.00286216 -0.0250382 0.0658236 0.00275384 0.999987 -0.00435958 0.00424601 0.0250504 0.00428924 0.999677 -0.997822
0.999731 -0.00243849 -0.0230548 -0.00680947 0.00235794 0.999991 -0.00352072 0.00320026 0.0230632 0.00346541 0.999728 -0.999972
0.999763 -0.000689011 -0.0217655 -0.0308735 0.000673794 1 -0.000706472 0.0163498 0.021766 0.000691639 0.999763 -0.99939
0.999731 0.00154299 -0.0231218 0.0417409 -0.00149395 0.999997 0.00213786 -0.0100075 0.023125 -0.00210274 0.99973 -0.999078
0.999806 0.000218363 -0.0197185 -0.0478103 -0.000215773 1 0.000133474 0.0157824 0.0197186 -0.000129193 0.999806 -0.998732
0.999791 0.00122122 -0.0204095 0.0294889 -0.00126626 0.999997 -0.00219375 0.00965895 0.0204068 0.00221913 0.999789 -0.999518
0.999805 0.00132253 -0.0197212 -0.00300316 -0.0013732 0.999996 -0.00255598 0.0214627 0.0197177 0.00258256 0.999802 -0.999765
0.999802 -0.000958939 -0.0198588 -0.0112108 0.000934393 0.999999 -0.00124522 0.0135361 0.01986 0.00122642 0.999802 -0.999846
0.999828 -0.00188921 -0.0184632 -0.200988 0.00185112 0.999996 -0.00208018 0.0818904 0.0184671 0.00204565 0.999827 -0.976165
0.999749 -0.00283529 -0.0222387 0.0107359 0.00279584 0.999994 -0.00180485 0.0371316 0.0222437 0.00174222 0.999751 -0.999253
0.999832 -0.00109334 -0.0183076 -0.042375 0.00110052 0.999999 0.000382013 -0.00828816 0.0183072 -0.000402097 0.999832 -0.999067
0.99976 -0.00175276 -0.021817 0.0993258 0.00176531 0.999998 0.000556118 -0.00047837 0.021816 -0.000594499 0.999762 -0.995055
0.999852 0.00125477 -0.0171613 -0.0203233 -0.00121993 0.999997 0.0020402 -0.000927565 0.0171638 -0.00201896 0.999851 -0.999793
0.999817 -0.00309911 -0.018901 0.0024754 0.00313534 0.999993 0.00188761 0.0453945 0.018895 -0.00194652 0.99982 -0.998966
0.999789 -0.00155972 -0.0204823 0.0284196 0.00161011 0.999996 0.0024438 -0.0571956 0.0204784 -0.00247627 0.999787 -0.997958
0.999815 0.000370531 -0.0192359 0.0614039 -0.000327708 0.999997 0.00222929 0.0122834 0.0192367 -0.00222257 0.999812 -0.998037
0.999793 -0.00157723 -0.0202888 0.0447917 0.00169403 0.999982 0.00574102 -0.000743894 0.0202794 -0.0057742 0.999778 -0.998996
0.999829 -0.000170287 -0.0185181 0.0191998 0.000302766 0.999974 0.00715145 -0.021965 0.0185164 -0.00715583 0.999803 -0.999574
0.999815 -0.000562114 -0.0192353 0.165291 0.000648146 0.99999 0.00446666 0.00556069 0.0192326 -0.0044783 0.999805 -0.986229
0.999836 -0.000731805 -0.0180995 0.0325803 0.000802726 0.999992 0.0039114 0.0283401 0.0180965 -0.00392529 0.999829 -0.999067
0.999881 -0.00266536 -0.0151829 -0.19985 0.00268129 0.999996 0.00102908 0.0793115 0.0151801 -0.00106967 0.999884 -0.976611
0.999883 -0.000908051 -0.0152903 -0.172711 0.000884058 0.999998 -0.00157589 0.0782105 0.0152917 0.00156219 0.999882 -0.981863
0.999809 0.00137686 -0.0194763 0.141996 -0.00139898 0.999998 -0.00112214 0.121354 0.0194747 0.00114917 0.99981 -0.9824
0.999841 0.000626159 -0.0178271 0.0575891 -0.000557775 0.999992 0.00384071 0.0493204 0.0178293 -0.00383015 0.999834 -0.997121
0.99986 -0.000317176 -0.0167351 0.00667582 0.000387886 0.999991 0.0042222 0.000120383 0.0167336 -0.0042281 0.999851 -0.999978
0.999792 -0.00179704 -0.0203248 0.200317 0.0017786 0.999998 -0.000925425 0.029264 0.0203264 0.000889083 0.999793 -0.979294
0.999846 -0.00266474 -0.0173375 -0.0577594 0.00263651 0.999995 -0.00165108 0.0897644 0.0173418 0.00160511 0.999848 -0.994287
0.999799 -0.0027986 -0.0198284 0.0795647 0.00283609 0.999994 0.00186305 0.0464728 0.0198231 -0.00191892 0.999802 -0.995746
0.999814 -0.000397925 -0.0193027 0.0579263 0.000459131 0.999995 0.00316651 0.010847 0.0193013 -0.00317478 0.999809 -0.998262
0.999803 -0.000763615 -0.0198144 0.124547 0.000784274 0.999999 0.00103485 0.0229755 0.0198136 -0.00105019 0.999803 -0.991948
0.999844 0.00138076 -0.017609 -0.0980893 -0.00128622 0.999985 0.00537904 -0.0232554 0.0176162 -0.00535556 0.99983 -0.994906
0.999781 -0.00182869 -0.0208329 -0.0314237 0.0019581 0.999979 0.00619335 -0.0258991 0.0208211 -0.00623279 0.999764 -0.999171
0.999711 -0.00145941 -0.0240072 0.0495296 0.00152261 0.999995 0.00261464 0.0255117 0.0240033 -0.00265043 0.999708 -0.998447
0.999679 -0.00113974 -0.0253032 -0.0157923 0.00115405 0.999999 0.000550692 0.0247564 0.0253026 -0.000579717 0.99968 -0.999569
0.99956 -0.00423469 -0.0293492 0.106986 0.00426756 0.99999 0.00105747 0.0634964 0.0293445 -0.00118226 0.999569 -0.992231
0.999568 -0.00296511 -0.0292269 0.0246204 0.00302919 0.999993 0.00214847 0.0240757 0.0292204 -0.00223607 0.99957 -0.999407
0.999512 -0.00338952 -0.031062 0.155057 0.00344294 0.999993 0.0016665 0.0245145 0.0310562 -0.00177263 0.999516 -0.987601
0.999595 -0.00247835 -0.0283468 0.0250969 0.0024944 0.999997 0.000530863 0.0171976 0.0283454 -0.000601356 0.999598 -0.999537
0.999536 -0.00243879 -0.030365 0.0727417 0.002484 0.999996 0.00145115 -0.0137788 0.0303613 -0.0015259 0.999538 -0.997256
0.999568 -0.00248682 -0.0292982 -0.00413706 0.00260141 0.999989 0.00387378 -0.00884295 0.0292882 -0.00394832 0.999563 -0.999952
0.999566 -0.000617376 -0.0294588 0.117677 0.000763715 0.999987 0.00495658 -0.0212954 0.0294554 -0.00497692 0.999554 -0.992824
0.999581 -0.00128149 -0.0289132 0.0992979 0.00133775 0.999997 0.00192644 0.0223722 0.0289106 -0.00196431 0.99958 -0.994806
0.999591 -4.31797e-005 -0.0285893 0.149731 0.000132117 0.999995 0.00310899 -0.0369533 0.0285891 -0.0031115 0.999586 -0.988036
0.999691 -0.00158969 -0.0248198 -0.0134811 0.00162258 0.999998 0.00130473 -0.0249332 0.0248176 -0.0013446 0.999691 -0.999598
0.999808 -5.99608e-005 -0.0195838 -0.103421 5.90614e-005 1 -4.65052e-005 0.0531755 0.0195838 4.53396e-005 0.999808 -0.993215
0.999822 0.00195796 -0.0187696 -0.122332 -0.00191968 0.999996 0.00205758 0.0303163 0.0187736 -0.00202118 0.999822 -0.992026
0.999786 -1.07593e-005 -0.0206864 -0.0263058 3.39818e-005 0.999999 0.00112224 0.0423641 0.0206864 -0.00112271 0.999785 -0.998756
0.999791 -0.000545671 -0.020436 0.00613446 0.000621289 0.999993 0.00369404 -0.00751792 0.0204338 -0.00370597 0.999784 -0.999953
0.999762 0.00167485 -0.0217364 0.0426359 -0.00161214 0.999994 0.00290216 0.0181115 0.0217411 -0.00286643 0.99976 -0.998926
0.99972 0.00361476 -0.0233999 0.193096 -0.00355796 0.999991 0.00246839 -0.0318393 0.0234087 -0.00238444 0.999723 -0.980663
0.999847 -0.00356945 -0.017101 -0.129953 0.00353586 0.999992 -0.00199446 0.0594094 0.017108 0.00193369 0.999852 -0.989739
0.999761 -0.00329093 -0.0216192 0.0218439 0.00327288 0.999994 -0.000870266 -0.00342799 0.0216219 0.000799301 0.999766 -0.999756
0.999787 -0.00498489 -0.0200102 -0.0654985 0.00493361 0.999984 -0.00261131 0.0309264 0.0200229 0.00251203 0.999796 -0.997373
0.999671 -0.00568396 -0.0249955 0.081582 0.00567667 0.999984 -0.000362731 -0.00622597 0.0249971 0.000220721 0.999687 -0.996647
0.999599 -0.00290852 -0.0281693 0.191301 0.0030046 0.99999 0.00336918 -0.0114652 0.0281592 -0.00345246 0.999597 -0.981464
0.999752 -0.00331071 -0.022023 0.0312867 0.00335633 0.999992 0.00203494 0.020055 0.0220161 -0.00210835 0.999755 -0.999309
0.999771 -0.00361675 -0.0211072 -0.02185 0.0035787 0.999992 -0.0018402 0.0245479 0.0211137 0.00176424 0.999776 -0.99946
0.999685 -0.000116985 -0.0250829 0.0647798 9.69691e-005 1 -0.000799203 -0.00991692 0.025083 0.00079652 0.999685 -0.99785
0.999728 -0.00283812 -0.0231599 -0.0496302 0.00275846 0.99999 -0.00347084 0.00611725 0.0231695 0.00340601 0.999726 -0.998749
0.999694 -0.003212 -0.0245331 0.00515907 0.00312093 0.999988 -0.00374946 0.0355122 0.0245449 0.00367175 0.999692 -0.999356
0.999683 -0.00137796 -0.025148 0.0625025 0.0013218 0.999997 -0.00224942 0.0472295 0.025151 0.00221546 0.999681 -0.996927
0.999721 -0.00149572 -0.0235753 0.0188377 0.00144651 0.999997 -0.00210429 0.0313621 0.0235784 0.0020696 0.99972 -0.999331
0.999622 -0.0054223 -0.0269517 0.13236 0.00537173 0.999984 -0.00194839 0.0355208 0.0269618 0.00180288 0.999635 -0.990565
0.999659 -0.00381995 -0.0258198 0.059324 0.00382658 0.999993 0.000207233 0.0110174 0.0258188 -0.000305964 0.999667 -0.998178
0.999701 -0.000532363 -0.0244321 0.0240857 0.000506038 0.999999 -0.00108365 0.0445709 0.0244327 0.00107096 0.999701 -0.998716
0.999728 -0.000597186 -0.0232938 0.042593 0.00053631 0.999996 -0.00261957 0.035732 0.0232953 0.00260637 0.999725 -0.998453
0.999748 -0.00311462 -0.0222351 -0.00287283 0.00312699 0.999995 0.000521333 0.00184638 0.0222334 -0.00059073 0.999753 -0.999994
0.999796 -0.00255751 -0.0200169 -0.025204 0.00268121 0.999977 0.00615521 -0.0272907 0.0200007 -0.00620762 0.999781 -0.99931
0.999785 -0.00321546 -0.0204773 0.032319 0.00339948 0.999954 0.00895783 0.0246807 0.0204476 -0.00902552 0.99975 -0.999173
0.999818 -0.00278868 -0.0188556 0.0156866 0.00291432 0.999974 0.00663882 0.0193801 0.0188366 -0.00669257 0.9998 -0.999689
0.999787 -0.00398807 -0.020247 0.0165291 0.00404867 0.999987 0.00295253 0.0212244 0.0202349 -0.00303387 0.999791 -0.999638
0.99979 -0.00379141 -0.0201492 0.00218886 0.00379955 0.999993 0.000365659 -0.009863 0.0201477 -0.00044214 0.999797 -0.999949
0.999796 -0.00334893 -0.019908 0.0290187 0.00332436 0.999994 -0.00126721 0.00793946 0.0199121 0.00120077 0.999801 -0.999547
0.999794 -0.00405913 -0.0198697 0.0350172 0.00405581 0.999992 -0.000207277 0.0130462 0.0198704 0.000126647 0.999803 -0.999302
0.999828 -0.00188644 -0.0184338 -0.0139756 0.00183865 0.999995 -0.002609 0.0352647 0.0184386 0.00257466 0.999827 -0.99928
0.999833 -0.00175566 -0.0181919 0.00562333 0.00174612 0.999998 -0.000539892 0.0168073 0.0181928 0.000508036 0.999834 -0.999843
0.999805 -0.000371404 -0.0197248 0.030614 0.000405741 0.999998 0.00173683 -0.00476436 0.0197241 -0.00174449 0.999804 -0.99952
0.999808 -0.0053601 -0.0188436 0.0422469 0.00540824 0.999982 0.00250485 0.0211651 0.0188298 -0.00260628 0.999819 -0.998883
0.999801 -0.00388952 -0.0195493 0.0286517 0.00390725 0.999992 0.000868677 0.0285155 0.0195458 -0.000944888 0.999809 -0.999183
0.999904 -0.00123925 -0.0137733 -0.0900739 0.0012015 0.999996 -0.00274871 0.0215594 0.0137766 0.0027319 0.999901 -0.995702
0.99988 0.000951976 -0.015439 0.037519 -0.00102573 0.999988 -0.00476975 0.033189 0.0154343 0.00478501 0.999869 -0.998745
0.999869 -0.00493295 -0.0154081 0.0339994 0.004895 0.999985 -0.00249952 -0.0208451 0.0154202 0.00242377 0.999878 -0.999204
0.999921 6.64349e-005 -0.0125851 -0.000201326 -0.000112947 0.999993 -0.00369512 0.0462066 0.0125847 0.00369625 0.999914 -0.998932
0.999924 -0.00201432 -0.0121701 0.0100092 0.00202016 0.999998 0.000468124 0.000437481 0.0121691 -0.000492674 0.999926 -0.99995
0.999966 -0.00155999 -0.0080924 -0.0153784 0.00157329 0.999997 0.00163674 0.0362412 0.00808982 -0.00164942 0.999966 -0.999225
0.999976 -0.00188792 -0.00665295 0.012529 0.00190512 0.999995 0.00258038 -0.000504593 0.00664804 -0.002593 0.999975 -0.999921
0.999984 -0.00228839 -0.0051095 -0.0181718 0.00231039 0.999988 0.00430482 0.0165015 0.00509959 -0.00431656 0.999978 -0.999699
0.999981 0.000801928 -0.0060586 0.0217079 -0.000749293 0.999962 0.00868492 0.0144442 0.00606533 -0.00868021 0.999944 -0.99966
0.999995 -0.0016951 -0.00279483 -0.0260968 0.00170178 0.999996 0.00239124 0.00997653 0.00279076 -0.00239598 0.999993 -0.99961
0.999997 0.00103865 -0.00204172 -0.0326743 -0.00105553 0.999965 -0.00828354 0.00016051 0.00203304 0.00828568 0.999964 -0.999466
0.999992 0.000379524 -0.00394182 0.0590784 -0.000413111 0.999964 -0.00852318 0.00270724 0.00393844 0.00852475 0.999956 -0.99825
0.999999 -0.00024277 0.00103273 -0.064135 0.000246059 0.999995 -0.00318659 0.0195534 -0.00103195 0.00318684 0.999994 -0.99775
1 -0.000669296 0.00028369 0.00901724 0.000668488 0.999996 0.00283795 -0.00109689 -0.000285588 -0.00283776 0.999996 -0.999959
0.999999 0.00143687 0.000148621 0.0168066 -0.00143728 0.999995 0.00273713 0.0262414 -0.000144687 -0.00273734 0.999996 -0.999514
0.999997 0.000406608 0.00260712 -0.00291949 -0.0004096 0.999999 0.00114714 0.0353813 -0.00260665 -0.0011482 0.999996 -0.99937
0.999997 -0.000289082 0.00262823 -0.000330204 0.000287584 1 0.000570362 0.0136149 -0.0026284 -0.000569604 0.999996 -0.999907
0.999996 -0.00174903 0.00201714 0.0305889 0.00174402 0.999995 0.00248546 0.00749863 -0.00202148 -0.00248193 0.999995 -0.999504
0.999992 -0.00289763 0.00281311 0.0200959 0.00289323 0.999995 0.00156964 0.00336022 -0.00281765 -0.00156149 0.999995 -0.999792
0.999984 -0.000406326 0.0056848 0.00591547 0.000398907 0.999999 0.00130617 0.01193 -0.00568532 -0.00130388 0.999983 -0.999911
0.999983 0.000150137 0.00583902 -0.010192 -0.000149429 1 -0.00012175 0.00985367 -0.00583904 0.000120876 0.999983 -0.9999
0.99997 0.00291611 0.0071589 0.00749065 -0.0029094 0.999995 -0.000948155 -0.00280957 -0.00716163 0.000927299 0.999974 -0.999968
0.999961 0.0042846 0.00774538 0.00776793 -0.00427535 0.99999 -0.00121011 0.013532 -0.00775049 0.00117695 0.999969 -0.999878
0.999946 0.00496426 0.00916998 -0.0381873 -0.00496165 0.999988 -0.000307052 0.0178507 -0.00917139 0.000261537 0.999958 -0.999111
0.999969 -0.000285621 0.00784229 0.00216962 0.000287004 1 -0.000175251 0.0133662 -0.00784224 0.000177497 0.999969 -0.999908
0.99998 -0.00375342 0.00502699 0.0244684 0.00375697 0.999993 -0.000696461 0.0138459 -0.00502434 0.000715333 0.999987 -0.999605
0.999982 0.000621456 0.00602605 0.0121151 -0.000603927 0.999996 -0.00291024 0.036182 -0.00602783 0.00290655 0.999978 -0.999272
0.999974 0.00169947 0.00706427 0.00805686 -0.0016918 0.999998 -0.0010914 0.0165641 -0.00706611 0.00107942 0.999974 -0.99983
0.999978 0.000334878 0.00666852 -0.000668622 -0.000337872 1 0.00044786 0.0142461 -0.00666837 -0.000450103 0.999978 -0.999898
0.999973 0.000351557 0.007359 0.00217662 -0.000370727 0.999997 0.00260371 0.00675054 -0.00735806 -0.00260637 0.99997 -0.999975
0.999984 -0.000573336 0.0056817 0.0379025 0.000563097 0.999998 0.00180344 0.0136699 -0.00568273 -0.00180021 0.999982 -0.999188
0.999971 -0.0023968 0.00718873 -0.0115201 0.00238235 0.999995 0.00201775 0.0118481 -0.00719353 -0.00200057 0.999972 -0.999863
0.999972 -0.00417427 0.00627933 0.0221018 0.0041704 0.999991 0.000629838 0.0200377 -0.00628191 -0.000603633 0.99998 -0.999555
0.999964 -0.000398429 0.00843429 -0.0241617 0.000392015 1 0.000762118 -0.0013752 -0.00843459 -0.000758785 0.999964 -0.999707
0.999974 -0.00114066 0.00718808 -0.0128103 0.00115277 0.999998 -0.0016809 0.00949737 -0.00718615 0.00168914 0.999973 -0.999873
0.999974 0.00195045 0.00694557 0.00121351 -0.00193645 0.999996 -0.00202285 0.0296116 -0.00694949 0.00200934 0.999974 -0.999561
0.999961 0.00254987 0.008422 -0.0415465 -0.00254435 0.999997 -0.000666414 0.0135597 -0.00842367 0.000644959 0.999964 -0.999045
0.999977 0.00151129 0.0066519 -0.00415007 -0.00151904 0.999998 0.00115936 0.0181037 -0.00665014 -0.00116944 0.999977 -0.999828
0.999952 0.00501277 0.00846047 -0.0531992 -0.00501267 0.999987 -3.28572e-005 0.0201056 -0.00846053 -9.55399e-006 0.999964 -0.998381
0.999967 0.000746402 0.00806373 0.0113825 -0.000760162 0.999998 0.0017034 0.0239525 -0.00806244 -0.00170947 0.999966 -0.999648
0.999953 0.0016704 0.00958313 -0.000161361 -0.00169596 0.999995 0.00265975 0.00880624 -0.00957864 -0.00267588 0.999951 -0.999961
0.999953 -0.000349675 0.00970282 -0.00565922 0.000334186 0.999999 0.00159787 0.00283475 -0.00970337 -0.00159455 0.999952 -0.99998
0.999983 -0.000167796 0.00590106 0.0557249 0.000183805 0.999996 -0.00271244 0.045814 -0.00590059 0.00271348 0.999979 -0.997395
0.99998 -0.00119948 0.0061288 -0.00624862 0.00120794 0.999998 -0.00137641 0.0109272 -0.00612714 0.00138378 0.99998 -0.999921
0.999979 -0.00530986 0.00369435 0.0186007 0.00530475 0.999985 0.00139121 -0.00734917 -0.00370168 -0.00137158 0.999992 -0.9998
0.999992 0.00201494 0.00336908 -0.00147059 -0.00202167 0.999996 0.00199472 0.00994749 -0.00336505 -0.00200151 0.999992 -0.999949
0.999994 -0.00214633 0.00268936 0.00536257 0.00214314 0.999997 0.00118853 0.000203792 -0.0026919 -0.00118276 0.999996 -0.999986
0.999999 -0.000158305 0.00133264 0.0223125 0.000158494 1 -0.000141793 0.00392845 -0.00133262 0.000142004 0.999999 -0.999743
0.999991 0.00300554 0.00284956 0.00148152 -0.00300429 0.999995 -0.000443854 0.00519506 -0.00285089 0.000435289 0.999996 -0.999985
0.999992 0.00134678 0.00376478 0.00177949 -0.00135078 0.999999 0.00105949 0.0107163 -0.00376334 -0.00106457 0.999992 -0.999941
0.999996 0.000876557 0.00250629 0.0186899 -0.00087513 0.999999 -0.000570055 0.0286556 -0.00250679 0.000567859 0.999997 -0.999415
0.999997 -0.000367229 0.00222267 0.0408164 0.000370098 0.999999 -0.00129068 0.00947272 -0.0022222 0.0012915 0.999997 -0.999122
0.99998 0.00440948 0.00463507 -0.0246818 -0.00439352 0.999984 -0.00344808 0.0060889 -0.0046502 0.00342764 0.999983 -0.999677
0.999985 -0.000339288 0.00547363 -0.0622595 0.000340088 1 -0.000145096 -0.0158121 -0.00547358 0.000146955 0.999985 -0.997935
0.999987 0.00256998 0.00432345 0.028558 -0.00257454 0.999996 0.00104925 0.0235743 -0.00432074 -0.00106037 0.99999 -0.999314
0.999993 0.000174417 0.0036934 0.0663979 -0.000184964 0.999996 0.0028556 0.0202917 -0.00369288 -0.00285626 0.999989 -0.997587
0.999975 0.00128232 0.00698257 -0.0512709 -0.00127533 0.999999 -0.00100533 0.00343623 -0.00698385 0.000996399 0.999975 -0.998679
0.999986 0.000567053 0.00527038 0.0642712 -0.000563558 1 -0.000664489 0.0260003 -0.00527076 0.000661509 0.999986 -0.997594
0.999972 0.00265347 0.00704636 0.0758467 -0.00263951 0.999995 -0.00198874 0.031212 -0.0070516 0.00197008 0.999973 -0.996631
0.999973 0.000240045 0.00729515 0.0712284 -0.000256144 0.999998 0.00220604 0.0257812 -0.0072946 -0.00220785 0.999971 -0.997127
0.999897 0.00510108 0.0134482 -0.0586729 -0.00512234 0.999986 0.00154663 -0.0141631 -0.0134401 -0.00161536 0.999908 -0.998177
0.99993 0.00365782 0.0112696 0.00264096 -0.00364872 0.999993 -0.000827343 0.0279675 -0.0112725 0.000786166 0.999936 -0.999605
0.999927 -0.00272579 0.0117715 -0.0305061 0.0027577 0.999993 -0.00269574 0.0318548 -0.0117641 0.00272801 0.999927 -0.999027
0.999885 0.00315309 0.0148431 -0.112601 -0.00314292 0.999995 -0.000708278 -0.0039055 -0.0148453 0.000661545 0.99989 -0.993633
0.999934 -0.00375915 0.010832 0.0207596 0.00374252 0.999992 0.00155506 0.0107359 -0.0108378 -0.00151442 0.99994 -0.999727
0.999931 0.00143791 0.0116407 0.00438821 -0.00145548 0.999998 0.00150071 0.0231199 -0.0116385 -0.00151755 0.999931 -0.999723
0.999923 -0.00160862 0.0122677 -0.0541359 0.00162632 0.999998 -0.00143337 0.052586 -0.0122654 0.00145321 0.999924 -0.997148
0.999932 -0.00197726 0.0114948 0.00390666 0.00200268 0.999996 -0.00220018 0.048889 -0.0114904 0.00222305 0.999932 -0.998797
0.999947 0.00116018 0.0102683 0.00143008 -0.00113851 0.999997 -0.00211555 0.0167972 -0.0102707 0.00210375 0.999945 -0.999858
0.999961 0.000569599 0.00881248 -0.00802911 -0.000559201 0.999999 -0.0011823 0.00765868 -0.00881314 0.00117733 0.99996 -0.999938
0.999965 9.70482e-005 0.00833357 0.00229972 -8.8129e-005 0.999999 -0.00107064 0.0207428 -0.00833367 0.00106987 0.999965 -0.999782
0.999952 -0.00155674 0.00963048 -0.0216117 0.00155663 0.999999 1.92288e-005 -0.0282861 -0.00963049 -4.23681e-006 0.999954 -0.999366
0.999962 -0.000893738 0.00869793 0.00245854 0.000894436 1 -7.63371e-005 0.0206674 -0.00869786 8.41139e-005 0.999962 -0.999783
0.999945 0.00123101 0.0104436 -0.00507458 -0.00124378 0.999998 0.00121596 0.0196897 -0.0104421 -0.00122889 0.999945 -0.999793
0.999973 -0.00041095 0.00736708 0.0410835 0.000400562 0.999999 0.00141145 0.0159192 -0.00736765 -0.00140847 0.999972 -0.999029
0.999974 -0.000268846 0.00721345 0.0389444 0.000278266 0.999999 -0.00130497 0.0201958 -0.0072131 0.00130695 0.999973 -0.999037
0.999966 0.00217013 0.00791633 0.0261981 -0.0021566 0.999996 -0.00171653 0.0243801 -0.00792003 0.0016994 0.999967 -0.999359
0.999925 -0.000825316 0.0122026 -0.0431764 0.000843769 0.999999 -0.00150711 0.0098392 -0.0122013 0.00151729 0.999924 -0.999019
0.999949 0.0015358 0.00993247 0.0135462 -0.00150961 0.999995 -0.00264375 0.0137938 -0.00993649 0.00262862 0.999947 -0.999813
0.999967 0.000390938 0.00817069 0.0809864 -0.000363265 0.999994 -0.00338803 0.035736 -0.00817197 0.00338495 0.999961 -0.996074
0.999947 -0.000808015 0.0102746 0.0249505 0.000823167 0.999999 -0.00147062 0.0312026 -0.0102734 0.001479 0.999946 -0.999202
0.99993 0.00268688 0.0115505 -0.0186885 -0.00269139 0.999996 0.000374432 -0.0165859 -0.0115495 -0.000405492 0.999933 -0.999688
0.999973 -0.000894769 0.00726082 0.0696402 0.000905811 0.999998 -0.00151753 0.0271212 -0.00725945 0.00152407 0.999972 -0.997203
0.999963 -0.000870916 0.00854471 0.0605266 0.000883399 0.999999 -0.0014572 0.0399644 -0.00854343 0.00146469 0.999962 -0.997366
0.999951 0.000208609 0.00991657 0.012459 -0.000207415 1 -0.000121434 0.0337533 -0.0099166 0.000119371 0.999951 -0.999353
0.999962 -9.16516e-005 0.00869169 0.0419235 9.32067e-005 1 -0.000178509 0.0290061 -0.00869168 0.000179313 0.999962 -0.9987
0.999953 -2.398e-005 0.00971181 -0.0284373 2.85748e-007 0.999997 0.00243973 -0.0205377 -0.00971184 -0.00243961 0.99995 -0.999385
0.999925 -0.00035337 0.0122655 -0.0707889 0.000362526 1 -0.00074423 -0.00350519 -0.0122652 0.000748621 0.999924 -0.997485
0.999982 -0.000740173 0.00593367 0.0446038 0.000749617 0.999998 -0.00158942 0.0158829 -0.00593248 0.00159384 0.999981 -0.998878
0.999975 -0.00117704 0.00701284 -0.0201759 0.00119618 0.999996 -0.0027262 0.0187576 -0.0070096 0.00273452 0.999972 -0.99962
0.999972 0.00176094 0.00731096 -0.0257906 -0.00173823 0.999994 -0.00311069 0.0417429 -0.00731639 0.00309789 0.999968 -0.998795
0.999999 -0.00110346 0.000616173 0.090223 0.00110515 0.999996 -0.00275282 0.00708866 -0.000613133 0.00275349 0.999996 -0.995896
0.999969 0.00296346 0.00727327 -0.0425347 -0.00294466 0.999992 -0.00259362 -0.0133883 -0.0072809 0.00257212 0.99997 -0.999005
0.999987 -0.000343934 0.00510554 -0.0147974 0.000366153 0.99999 -0.00435169 0.034905 -0.005104 0.0043535 0.999977 -0.999281
1 -4.2994e-005 -0.00066479 0.0545648 4.20592e-005 0.999999 -0.00140622 0.0181965 0.00066485 0.00140619 0.999999 -0.998344
0.999991 1.32875e-005 0.00423118 -0.0551202 -1.32985e-005 1 2.58993e-006 0.0232381 -0.00423118 -2.64617e-006 0.999991 -0.998209
1 8.78453e-005 0.000828837 0.0306398 -8.91771e-005 0.999999 0.00160698 0.0195948 -0.000828695 -0.00160705 0.999998 -0.999338
0.999997 0.00215 0.000750768 0.0191129 -0.00215052 0.999997 0.000689786 0.0221059 -0.000749283 -0.000691399 0.999999 -0.999573
0.999995 0.00221469 0.00240257 0.00029218 -0.00221268 0.999997 -0.000839007 -0.0179021 -0.00240443 0.000833686 0.999997 -0.99984
0.999993 0.0034394 0.0017358 -0.0011975 -0.00343451 0.99999 -0.00281601 0.0233685 -0.00174547 0.00281003 0.999995 -0.999726
1 0.000729627 0.000549616 0.00559337 -0.000727842 0.999994 -0.00324126 0.0199396 -0.000551978 0.00324086 0.999995 -0.999786
0.999998 -0.000606718 0.00197805 0.0103325 0.000611625 0.999997 -0.00248083 0.0190563 -0.00197654 0.00248203 0.999995 -0.999765
0.999992 0.00165393 0.00375344 -0.0446772 -0.00163763 0.999989 -0.00434198 0.0209783 -0.00376058 0.0043358 0.999984 -0.998781
0.999998 -0.00219694 -0.000185083 0.0160702 0.00219676 0.999997 -0.000944439 0.0277523 0.000187158 0.00094403 1 -0.999486
1 5.1081e-005 0.000611877 0.0100935 -5.06103e-005 1 -0.000769207 0.000464049 -0.000611916 0.000769176 1 -0.999949
0.999997 0.00173446 0.00147591 -0.0169115 -0.0017345 0.999998 2.51092e-005 0.0101852 -0.00147586 -2.76691e-005 0.999999 -0.999805
0.999999 -0.00049965 0.0015696 -0.0319714 0.000504673 0.999995 -0.0032014 0.0393419 -0.00156799 0.00320219 0.999994 -0.998714
0.999991 -0.000114428 0.00422633 -0.0402348 0.000126372 0.999996 -0.00282585 0.0298164 -0.00422599 0.00282636 0.999987 -0.998745
0.999995 0.00175908 0.00263011 -0.0426143 -0.0017477 0.999989 -0.00432346 0.0414865 -0.00263769 0.00431884 0.999987 -0.99823
0.999999 0.0011741 0.000169742 0.0112373 -0.00117386 0.999998 -0.00137639 0.0084469 -0.000171357 0.00137619 0.999999 -0.999901
0.999998 -0.000167722 0.0020276 -0.0177278 0.000171519 0.999998 -0.00187307 0.0277021 -0.00202728 0.00187341 0.999996 -0.999459
0.999989 0.00360642 0.00304249 -0.030617 -0.00359754 0.999989 -0.00291976 0.0122949 -0.00305299 0.00290878 0.999991 -0.999456
1 0.000404135 0.000522581 0.0452067 -0.000402899 0.999997 -0.00236325 0.0220572 -0.000523535 0.00236304 0.999997 -0.998734
0.999998 -0.00192367 -0.000596945 0.0412252 0.00192261 0.999997 -0.00177528 0.0171531 0.000600358 0.00177413 0.999998 -0.999003
0.999999 -1.11163e-005 0.00141913 0.0453899 1.11074e-005 1 6.25603e-006 0.00367719 -0.00141913 -6.24026e-006 0.999999 -0.998963
0.999996 0.00014987 0.00281129 0.022829 -0.000146416 0.999999 -0.00122879 0.0215425 -0.00281147 0.00122837 0.999995 -0.999507
0.99998 0.00405308 0.00481539 0.0188575 -0.00403695 0.999986 -0.00335284 0.0185346 -0.00482891 0.00333333 0.999983 -0.99965
0.999971 0.00261659 0.0071138 -0.00508272 -0.00258938 0.999989 -0.00383153 0.027509 -0.00712375 0.003813 0.999967 -0.999609
0.999974 -0.000352183 0.00724726 -0.0197084 0.000361969 0.999999 -0.00134898 0.0337789 -0.00724677 0.00135157 0.999973 -0.999235
0.999946 0.00496998 0.00915574 -0.0233995 -0.00497932 0.999987 0.00099773 0.00468891 -0.00915066 -0.00104327 0.999958 -0.999715
0.999964 -0.00141051 0.00839 0.0163165 0.00139899 0.999998 0.00137918 0.00575111 -0.00839193 -0.00136739 0.999964 -0.99985
0.999989 0.000466128 0.00465032 0.0437619 -0.000467782 1 0.000354521 0.00548131 -0.00465016 -0.000356693 0.999989 -0.999027
0.999955 -0.000564025 0.00949011 -0.0242721 0.00059159 0.999996 -0.00290206 0.00778864 -0.00948843 0.00290755 0.999951 -0.999675
0.999965 0.0025299 0.00797584 -0.000994074 -0.002504 0.999992 -0.00325564 0.0155078 -0.00798401 0.00323555 0.999963 -0.999879
0.999958 -0.000160145 0.00917933 -0.00018699 0.00016885 1 -0.000947561 0.0132845 -0.00917918 0.000949071 0.999957 -0.999912
0.999931 0.00303319 0.0113487 0.0030781 -0.00304285 0.999995 0.000834002 0.0244126 -0.0113461 -0.000868476 0.999935 -0.999697
0.999904 0.00461946 0.0130736 -0.00358027 -0.00461882 0.999989 -7.90426e-005 0.0211349 -0.0130738 1.86505e-005 0.999915 -0.99977
0.99991 0.00256216 0.0131467 -0.0241094 -0.00256726 0.999997 0.000371312 0.00391043 -0.0131457 -0.00040503 0.999914 -0.999702
0.999934 0.000927812 0.0114693 0.0181259 -0.000915248 0.999999 -0.0011006 0.00427669 -0.0114703 0.00109003 0.999934 -0.999827
0.999918 0.000875035 0.0127411 -0.00428858 -0.000848434 0.999997 -0.00209303 0.0173437 -0.0127429 0.00208205 0.999917 -0.99984
0.999905 -0.00149144 0.0137335 0.00237573 0.00152895 0.999995 -0.00272162 0.0174692 -0.0137293 0.00274235 0.999902 -0.999845
0.99992 0.00190945 0.0125266 -0.0039298 -0.00189711 0.999998 -0.000996446 0.018604 -0.0125285 0.000972602 0.999921 -0.999819
0.999946 -0.000346471 0.0103868 0.00707086 0.00036146 0.999999 -0.00144132 0.015236 -0.0103863 0.001445 0.999945 -0.999859
0.999872 0.00300035 0.0157087 -0.107916 -0.002929 0.999985 -0.00456279 0.023121 -0.0157221 0.0045162 0.999866 -0.993891
0.999909 0.00283505 0.0131824 -0.00240928 -0.00276449 0.999982 -0.00536831 0.0162726 -0.0131974 0.00533138 0.999899 -0.999865
0.999899 0.00333253 0.0137937 -0.0583995 -0.00328974 0.99999 -0.00312382 0.0306671 -0.013804 0.00307813 0.9999 -0.997822
0.999892 0.00474386 0.0138975 -0.0231579 -0.00475631 0.999988 0.000862383 0.00820609 -0.0138933 -0.000928391 0.999903 -0.999698
0.999876 0.00369691 0.0153151 -0.0403325 -0.00368756 0.999993 -0.000638445 0.00359486 -0.0153174 0.00058189 0.999883 -0.99918
0.99991 0.00167403 0.0133236 0.0253231 -0.00163892 0.999995 -0.00264582 0.0239027 -0.013328 0.00262374 0.999908 -0.999394
0.999917 0.00138084 0.012807 0.0486634 -0.00134349 0.999995 -0.00292492 0.0140697 -0.0128109 0.00290747 0.999914 -0.998716
0.99992 0.00344915 0.0121296 0.116372 -0.00343942 0.999994 -0.000822683 -0.0382547 -0.0121323 0.000780898 0.999926 -0.992469
0.999923 -0.000782624 0.0123545 0.0789878 0.000806967 0.999998 -0.00196552 0.0425382 -0.0123529 0.00197534 0.999922 -0.995968
0.999921 0.000262732 0.0125472 0.0582591 -0.000219364 0.999994 -0.00345765 0.0213604 -0.012548 0.00345463 0.999915 -0.998073
0.999901 -0.00347401 0.0136075 -0.0112429 0.00349571 0.999993 -0.00157185 0.0184157 -0.013602 0.00161926 0.999906 -0.999767
0.999938 0.000349513 0.0111629 0.0396352 -0.000330878 0.999999 -0.00167112 0.0298811 -0.0111635 0.00166732 0.999936 -0.998767
0.999942 -0.0041944 0.00995084 0.0225782 0.00420216 0.999991 -0.000758355 0.0310149 -0.00994757 0.000800126 0.99995 -0.999264
0.999954 -0.0034253 0.00891969 0.0150478 0.00345042 0.99999 -0.00280224 0.0493652 -0.00891001 0.00283288 0.999956 -0.998667
0.999963 -0.00231387 0.00832997 0.0405407 0.00231596 0.999997 -0.000241439 0.0346701 -0.00832938 0.000260722 0.999965 -0.998576
0.999964 -0.0010662 0.00836471 0.0438336 0.0010611 0.999999 0.000614156 0.0222608 -0.00836536 -0.000605259 0.999965 -0.998791
0.999969 -0.00232909 0.00750834 0.0552079 0.002351 0.999993 -0.00291077 0.0310257 -0.00750151 0.00292833 0.999968 -0.997993
0.999973 -0.00268623 0.00679483 0.0471723 0.00271635 0.999987 -0.00442702 0.037344 -0.00678285 0.00444536 0.999967 -0.998188
0.99995 -0.00339546 0.00943567 -0.0053428 0.00342225 0.99999 -0.00282555 0.0475151 -0.00942598 0.0028577 0.999951 -0.998856
0.999978 -0.00176873 0.00646567 0.039022 0.00177915 0.999997 -0.00160652 0.0424596 -0.00646281 0.00161799 0.999978 -0.998336
0.999973 -0.00380031 0.00626117 0.0289563 0.00381123 0.999991 -0.00173381 0.0158296 -0.00625453 0.00175763 0.999979 -0.999455
0.99998 -0.0019577 0.0059465 -0.00807095 0.00196207 0.999998 -0.000728623 0.0167626 -0.00594506 0.000740276 0.999982 -0.999827
0.99999 -0.00221813 0.0039407 0.00759449 0.00219979 0.999987 0.00465218 0.0126235 -0.00395097 -0.00464346 0.999981 -0.999891
0.99999 -0.00154892 0.00424673 -0.0139558 0.00151962 0.999975 0.00689389 0.0109085 -0.0042573 -0.00688737 0.999967 -0.999843
0.999992 -0.00308657 0.00269977 -0.0235634 0.00308014 0.999992 0.0023837 0.0472268 -0.00270711 -0.00237537 0.999994 -0.998606
1 3.38869e-006 0.000742279 0.0231552 -3.73717e-006 1 0.000469483 0.00921967 -0.000742277 -0.000469486 1 -0.999689
0.999999 0.0011477 -0.000119114 0.00887507 -0.00114796 0.999997 -0.00219384 0.02368 0.000116596 0.00219397 0.999998 -0.99968
1 -0.000118991 0.00093722 -0.0325428 0.000121239 0.999997 -0.0023988 0.0362708 -0.000936932 0.00239891 0.999997 -0.998812
0.999986 0.00388789 0.00346384 -0.0360489 -0.00388647 0.999992 -0.000418632 0.0397753 -0.00346544 0.000405164 0.999994 -0.998558
0.999993 0.00295632 0.00230415 -0.0233371 -0.00295669 0.999996 0.000155302 0.0170961 -0.00230368 -0.000162114 0.999997 -0.999581
0.999999 0.000968338 0.00137639 0.0486018 -0.000968584 1 0.000178147 0.0416288 -0.00137622 -0.00017948 0.999999 -0.99795
0.999994 0.00308826 0.00153218 0.0235558 -0.00308787 0.999995 -0.000259478 0.0377425 -0.00153298 0.000254745 0.999999 -0.99901
0.99999 0.00265806 0.00364306 -0.0361917 -0.00264948 0.999994 -0.0023566 0.0385083 -0.0036493 0.00234692 0.999991 -0.998603
0.999993 0.00331135 0.0019521 0.0632276 -0.00330728 0.999992 -0.00208276 0.0344774 -0.00195898 0.00207629 0.999996 -0.997403
0.999983 0.00119005 0.00567263 0.0435913 -0.00118309 0.999999 -0.00123015 0.0370819 -0.00567408 0.00122341 0.999983 -0.998361
0.999939 0.00469097 0.00999047 0.014522 -0.00468619 0.999989 -0.000501403 0.0343925 -0.00999271 0.000454555 0.99995 -0.999303
0.999949 0.00104292 0.0100094 0.0317131 -0.00103046 0.999999 -0.0012498 0.0140167 -0.0100107 0.00123942 0.999949 -0.999399
0.999905 -0.00134478 0.0137387 -0.0168103 0.00135918 0.999999 -0.00103877 0.0156112 -0.0137373 0.00105734 0.999905 -0.999737
0.999931 -0.000977305 0.0117429 0.0269425 0.000963492 0.999999 0.00118185 0.0201082 -0.011744 -0.00117046 0.99993 -0.999435
0.999923 -0.00394608 0.011797 0.00637355 0.00395626 0.999992 -0.000839984 0.0478288 -0.0117936 0.000886592 0.99993 -0.998835
0.999935 -0.00221631 0.0111439 0.0744538 0.00224837 0.999993 -0.00286524 0.0395102 -0.0111374 0.00289011 0.999934 -0.996441
0.999903 -0.000505293 0.0139231 -0.0200664 0.000527781 0.999999 -0.00161152 0.0159719 -0.0139223 0.00161871 0.999902 -0.999671
0.999921 -0.000683388 0.0125559 0.0155708 0.000687163 1 -0.000296286 0.0271558 -0.0125557 0.00030489 0.999921 -0.99951
0.999907 -0.00118598 0.0135664 0.0115739 0.00119536 0.999999 -0.000683323 0.037025 -0.0135656 0.000699476 0.999908 -0.999247
0.99992 -0.00109312 0.0126335 0.0322755 0.00109549 0.999999 -0.000181081 0.00746761 -0.0126333 0.000194907 0.99992 -0.999451
0.999911 -0.00424914 0.0126279 0.0111543 0.00423988 0.999991 0.000759901 0.0173161 -0.0126311 -0.000706293 0.99992 -0.999788
0.999896 -0.00294704 0.0141306 0.00514457 0.00293679 0.999995 0.000746291 0.032964 -0.0141328 -0.000704715 0.9999 -0.999443
0.999924 -0.00381051 0.0117136 0.0151291 0.00379785 0.999992 0.00110269 0.018152 -0.0117177 -0.00105812 0.999931 -0.999721
0.999933 -0.00438308 0.0106736 -0.0208911 0.00438148 0.99999 0.000173161 0.000997507 -0.0106742 -0.000126383 0.999943 -0.999781
0.999969 -0.000477036 0.00791831 -0.0112644 0.000476954 1 1.22385e-005 0.00687899 -0.00791831 -8.46143e-006 0.999969 -0.999913
0.999985 -0.000541121 0.00537123 0.00765372 0.000539497 1 0.000303803 0.0131643 -0.0053714 -0.0003009 0.999986 -0.999884
0.999978 0.00101763 0.00653829 -0.0486387 -0.0010278 0.999998 0.0015529 -0.00355898 -0.0065367 -0.00155959 0.999977 -0.99881
0.999978 0.0027933 0.00603219 -0.00947856 -0.00279247 0.999996 -0.000146805 0.0277543 -0.00603257 0.000129957 0.999982 -0.99957
0.99999 0.000252945 0.00437589 0.0439749 -0.000259189 0.999999 0.0014265 0.00442213 -0.00437553 -0.00142762 0.999989 -0.999023
0.999981 0.00118233 0.00610302 0.00157285 -0.00118758 0.999999 0.000855777 0.0275215 -0.006102 -0.000863009 0.999981 -0.99962
0.999987 0.00173524 0.00477053 0.0159587 -0.00174446 0.999997 0.00192888 0.0198143 -0.00476717 -0.00193718 0.999987 -0.999676
0.999987 -0.00242661 0.00451754 0.046255 0.00241832 0.999995 0.00183764 0.0285306 -0.00452198 -0.00182669 0.999988 -0.998522
0.999982 -0.000339941 0.00597133 0.0121582 0.000334799 1 0.000862042 0.013936 -0.00597162 -0.000860027 0.999982 -0.999829
0.999963 1.91669e-005 0.00861231 -0.00768155 -1.5029e-005 1 -0.000480528 -0.00714904 -0.00861232 0.000480381 0.999963 -0.999945
0.999979 -0.00296936 0.00571808 0.0331844 0.0029904 0.999989 -0.00367466 0.014509 -0.0057071 0.00369169 0.999977 -0.999344
0.999987 -0.000555049 0.00498393 0.0640759 0.000565663 0.999998 -0.00212849 0.0163306 -0.00498273 0.00213128 0.999985 -0.997811
0.999988 -0.00112861 0.00467904 0.00144197 0.00112049 0.999998 0.00173847 0.00402201 -0.00468099 -0.0017332 0.999988 -0.999991
0.999993 0.00069209 0.00358888 0.0109329 -0.000706037 0.999992 0.00388624 0.0243864 -0.00358617 -0.00388875 0.999986 -0.999643
0.999988 0.00143598 0.00459866 -0.0119782 -0.00144347 0.999998 0.0016253 0.0243715 -0.00459632 -0.00163192 0.999988 -0.999631
0.999985 0.00319545 0.00454191 -0.0662353 -0.0031925 0.999995 -0.000656854 0.0368825 -0.00454399 0.000642344 0.999989 -0.997122
0.999996 -0.00148262 0.00228863 -0.0368403 0.00148617 0.999998 -0.00155301 0.0278906 -0.00228632 0.00155641 0.999996 -0.998932
0.999976 -0.00338421 -0.0060286 0.00244233 0.00337114 0.999992 -0.00217701 0.0217841 0.00603592 0.00215664 0.999979 -0.99976
0.999964 -0.00235212 -0.00817511 -0.0137588 0.0023454 0.999997 -0.000831233 0.0308589 0.00817704 0.000812029 0.999966 -0.999429
0.999918 -0.00345786 -0.0123452 -0.01749 0.00344104 0.999993 -0.00138342 0.0321596 0.0123499 0.00134082 0.999923 -0.99933
0.999898 0.00171436 -0.0141589 0.0731332 -0.00173931 0.999997 -0.00174972 0.042946 0.0141559 0.00177416 0.999898 -0.996397
0.999953 0.00392687 -0.00883397 -0.0072221 -0.00395784 0.999986 -0.00349112 0.0508494 0.00882014 0.00352592 0.999955 -0.99868
0.999972 0.00258136 -0.00698917 -0.0270409 -0.00258908 0.999996 -0.00109541 0.0397119 0.00698631 0.00111347 0.999975 -0.998845
0.999985 0.00328598 -0.00429349 -0.0294622 -0.00328661 0.999995 -0.000141398 0.0417629 0.004293 0.000155507 0.999991 -0.998693
0.999986 0.00455241 -0.00259469 -0.0449883 -0.00455043 0.999989 0.000768231 0.0402005 0.00259816 -0.000756413 0.999996 -0.998178
0.999985 0.00531331 0.00100034 0.0241032 -0.00531424 0.999985 0.000934727 0.0594489 -0.000995355 -0.000940029 0.999999 -0.99794
0.99998 0.00520963 0.00346161 0.0248992 -0.00521074 0.999986 0.00031048 0.0292964 -0.00345994 -0.000328512 0.999994 -0.999261
0.999965 0.00396753 0.00736734 -0.0037745 -0.00395847 0.999991 -0.00124387 0.059699 -0.00737221 0.00121467 0.999972 -0.998209
0.999922 0.00710829 0.0102389 0.0124704 -0.00711583 0.999974 0.000700684 0.034666 -0.0102337 -0.000773488 0.999947 -0.999321
0.999936 0.00557089 0.00989612 0.0929521 -0.00556539 0.999984 -0.000583973 0.0460243 -0.00989921 0.000528859 0.999951 -0.994606
0.99987 0.0033079 0.0157547 0.0011325 -0.00329814 0.999994 -0.000645415 0.0382806 -0.0157568 0.000593371 0.999876 -0.999266
0.999815 0.00319692 0.0189719 -0.0120988 -0.00318734 0.999995 -0.000534936 0.0209803 -0.0189736 0.000474367 0.99982 -0.999707
0.999738 0.00618919 0.0220547 -0.0390191 -0.00621112 0.99998 0.000926145 0.0200951 -0.0220485 -0.00106289 0.999756 -0.999036
0.999725 0.0049249 0.0229369 0.00234304 -0.00494405 0.999987 0.000778097 0.035549 -0.0229328 -0.000891284 0.999737 -0.999365
0.999729 0.000185146 0.0232986 -0.00268721 -0.000222047 0.999999 0.00158123 0.0116077 -0.0232983 -0.00158597 0.999727 -0.999929
0.999701 0.00074139 0.0244327 0.0409697 -0.000761331 0.999999 0.00080688 0.0313737 -0.0244321 -0.000825241 0.999701 -0.998668
0.999645 0.0021513 0.0265596 0.0164642 -0.00219443 0.999996 0.00159489 0.0365263 -0.0265561 -0.00165261 0.999646 -0.999197
0.999616 -0.000972612 0.0276948 0.0198126 0.000863603 0.999992 0.00394779 0.00179445 -0.0276984 -0.00392235 0.999609 -0.999802
0.999572 -0.00263711 0.0291282 0.0228607 0.00259362 0.999995 0.00153085 0.00417321 -0.0291321 -0.00145465 0.999575 -0.99973
0.999561 -0.000531262 0.0296122 0.0209762 0.000524357 1 0.000240939 0.0209133 -0.0296124 -0.000225306 0.999561 -0.999561
0.999461 0.00214175 0.0327551 -0.0328057 -0.00208331 0.999996 -0.00181817 0.0202066 -0.0327589 0.00174895 0.999462 -0.999257
0.999529 -0.00196576 0.0306154 0.0260863 0.00191856 0.999997 0.00157113 0.0171002 -0.0306184 -0.00151165 0.99953 -0.999513
0.99956 -0.000259956 0.029657 0.0198457 0.000219138 0.999999 0.00137956 0.0154555 -0.0296574 -0.00137246 0.999559 -0.999684
0.999564 -6.91632e-005 0.0295129 0.0173686 2.98837e-005 0.999999 0.00133137 0.0316741 -0.0295129 -0.0013299 0.999564 -0.999347
0.999659 -0.0045503 0.0257041 0.00212425 0.00445276 0.999983 0.00385082 0.00152632 -0.0257211 -0.00373506 0.999662 -0.999997
0.999768 -0.00149075 0.0215091 0.0125111 0.00148298 0.999999 0.000377451 0.0227123 -0.0215097 -0.000345466 0.999769 -0.999664
0.999857 -0.00596641 0.0158207 0.0323069 0.00601418 0.999977 -0.00297375 0.0124804 -0.0158026 0.00306847 0.99987 -0.9994
0.999929 -0.00707266 0.00956984 0.0489407 0.00711933 0.999963 -0.00485132 0.0092362 -0.00953517 0.00491911 0.999942 -0.998759
0.999981 -0.00201008 0.00580556 0.00200197 0.00200731 0.999998 0.000482449 0.0255066 -0.00580652 -0.000470786 0.999983 -0.999673
0.999992 -0.00339964 0.00207927 0.00615472 0.00338604 0.999973 0.00650826 0.0146208 -0.00210134 -0.00650117 0.999977 -0.999874
0.999995 -0.00305743 -0.000181403 0.0290498 0.00305822 0.999985 0.00456225 0.0193779 0.000167452 -0.00456279 0.99999 -0.99939
0.999995 -0.00159365 -0.00275708 0.0441562 0.00159911 0.999997 0.00198246 0.00435573 0.00275391 -0.00198686 0.999994 -0.999015
0.999996 -0.00115014 -0.00258691 -0.000800792 0.00114898 0.999999 -0.000447805 0.0167369 0.00258742 0.000444831 0.999997 -0.99986
0.999995 0.00101462 -0.00296304 -0.00441599 -0.00101531 0.999999 -0.000230698 0.00433516 0.00296281 0.000233705 0.999996 -0.999981
0.999995 0.00172816 -0.00257613 0.00848376 -0.00172666 0.999998 0.000584739 0.0430579 0.00257713 -0.000580288 0.999997 -0.999037
0.999998 0.00141574 -0.00100355 -0.0331861 -0.00141086 0.999987 0.00484697 0.0105693 0.0010104 -0.00484555 0.999988 -0.999393
0.999988 -0.00013214 -0.00488092 0.0413181 0.000153409 0.99999 0.00435761 0.00223587 0.0048803 -0.00435831 0.999979 -0.999144
0.999995 0.00171306 -0.00274801 0.0343741 -0.00170584 0.999995 0.00262597 -0.0128271 0.0027525 -0.00262127 0.999993 -0.999327
0.999998 0.00142924 -0.00134238 0.0176943 -0.00143217 0.999997 -0.00218666 0.0313859 0.00133925 0.00218858 0.999997 -0.999351
0.999993 -0.00367618 -0.000397518 -0.0452695 0.0036755 0.999992 -0.00168516 -0.00775167 0.00040371 0.00168369 0.999999 -0.998945
0.99999 -0.00294832 -0.00334395 0.0409522 0.00294317 0.999994 -0.00154628 0.0194099 0.00334849 0.00153643 0.999993 -0.998973
0.999999 -0.00125519 -0.000149628 0.0127178 0.00125502 0.999999 -0.00107262 0.0157254 0.000150974 0.00107243 0.999999 -0.999795
0.999994 -0.00309202 -0.0012022 0.0374234 0.00309299 0.999995 0.00080368 0.00251182 0.00119971 -0.000807394 0.999999 -0.999296
0.999998 -0.00180827 0.000943919 0.00639658 0.00180764 0.999998 0.000670695 0.0101531 -0.00094513 -0.000668988 0.999999 -0.999928
0.999998 -0.000981564 0.00186273 0.0183669 0.000976136 0.999995 0.00291282 0.00249217 -0.00186558 -0.002911 0.999994 -0.999828
0.999997 0.00226588 0.00128145 0.0238058 -0.0022711 0.999989 0.00408296 -0.000628139 -0.00127219 -0.00408585 0.999991 -0.999716
0.999989 0.00222039 0.00405803 -0.0227756 -0.00223039 0.999994 0.00245953 0.00798352 -0.00405255 -0.00246855 0.999989 -0.999709
0.999976 0.00510743 0.00465055 -0.00148467 -0.0051044 0.999987 -0.00066148 0.00463023 -0.00465387 0.000637726 0.999989 -0.999988
0.999964 0.00521285 0.00670128 0.0120564 -0.00521206 0.999986 -0.000134813 0.00708299 -0.00670189 9.98805e-005 0.999978 -0.999902
0.999957 0.00303831 0.00872433 0.00995577 -0.00303787 0.999995 -6.38183e-005 0.0128653 -0.00872448 3.73122e-005 0.999962 -0.999868
0.999941 0.00363167 0.010212 -0.0216174 -0.0036408 0.999993 0.000875566 0.030553 -0.0102087 -0.000912694 0.999947 -0.999299
0.999967 0.000920003 0.00806741 0.0217567 -0.000933151 0.999998 0.00162621 0.0309382 -0.0080659 -0.00163368 0.999966 -0.999284
0.999969 0.0011157 0.00774219 0.0301633 -0.00112427 0.999999 0.00110311 0.0314988 -0.00774095 -0.00111178 0.999969 -0.999049
0.999941 0.000661522 0.0108593 -0.0211076 -0.000673027 0.999999 0.0010558 0.0043333 -0.0108586 -0.00106305 0.99994 -0.999768
0.99994 0.00196699 0.0107631 -0.00319999 -0.00196551 0.999998 -0.000148668 0.00653012 -0.0107634 0.000127504 0.999942 -0.999974
0.999957 0.00114891 0.00919187 -0.0446376 -0.00114729 0.999999 -0.00018179 0.0181019 -0.00919208 0.000171236 0.999958 -0.998839
0.999931 -9.91504e-005 0.0117359 -0.0362722 0.000100253 1 -9.33477e-005 0.0455861 -0.0117359 9.45179e-005 0.999931 -0.998302
0.99994 -0.00253388 0.0107029 -0.027471 0.00252677 0.999997 0.000678054 0.0300019 -0.0107046 -0.000650969 0.999942 -0.999172
0.99996 -0.000629589 0.00895511 -0.0149988 0.000608811 0.999997 0.00232276 0.00830673 -0.00895655 -0.00231722 0.999957 -0.999853
0.999965 -0.000561893 0.00834856 -0.00757052 0.000559243 1 0.000319705 0.0170894 -0.00834874 -0.000315025 0.999965 -0.999825
0.999968 1.41962e-005 0.00799578 -0.0248647 -2.18288e-005 1 0.000954494 0.00564686 -0.00799576 -0.000954638 0.999968 -0.999675
0.999976 0.00275302 0.00629641 -0.00716902 -0.00275518 0.999996 0.000334183 0.0226027 -0.00629546 -0.000351523 0.99998 -0.999719
0.99997 0.00188799 0.00757405 -0.0602808 -0.00191365 0.999992 0.00338285 -0.0147182 -0.00756761 -0.00339724 0.999966 -0.998073
0.99998 0.00231279 0.00580409 0.00316289 -0.00234709 0.99998 0.00591035 3.64035e-005 -0.0057903 -0.00592386 0.999966 -0.999995
0.999968 0.00574218 0.00565249 0.00344903 -0.0057683 0.999973 0.00461438 0.00867311 -0.00562584 -0.00464683 0.999973 -0.999956
0.999987 0.00447261 0.00263973 0.0765524 -0.00447419 0.99999 0.000592468 0.00651203 -0.00263705 -0.000604271 0.999996 -0.997044
0.999988 0.000875609 0.00491079 0.00400252 -0.000860889 0.999995 -0.00299878 0.00379544 -0.00491339 0.00299452 0.999983 -0.999985
0.999978 0.000382178 0.00663706 -0.015022 -0.000379911 1 -0.000342852 0.0312182 -0.00663719 0.000340323 0.999978 -0.9994
0.999994 0.00151275 0.00298757 0.00336977 -0.00150921 0.999998 -0.00118633 0.0204026 -0.00298936 0.00118182 0.999995 -0.999786
0.999992 -0.00154373 0.00362134 0.00362529 0.00154814 0.999998 -0.00121476 0.0242273 -0.00361946 0.00122036 0.999993 -0.9997
0.999995 0.0018933 0.0026736 -0.0212006 -0.0018908 0.999998 -0.000936213 -0.00464035 -0.00267536 0.000931153 0.999996 -0.999764
0.999996 0.00249047 -0.00101372 0.0441905 -0.0024936 0.999992 -0.0030953 0.0044616 0.00100601 0.00309782 0.999995 -0.999013
0.999985 0.00535556 0.00127981 0.0052328 -0.00535307 0.999984 -0.00193824 0.00575503 -0.00129017 0.00193136 0.999997 -0.99997
0.999987 0.00463239 0.00199006 -0.0207389 -0.00463397 0.999989 0.000791002 0.00267759 -0.00198637 -0.000800214 0.999998 -0.999781
0.999987 0.00512698 -0.000716237 0.0139301 -0.005127 0.999987 -2.1224e-005 -0.00866137 0.000716119 2.48959e-005 1 -0.999865
0.999994 0.00356164 0.000469504 0.0179858 -0.00356207 0.999993 0.000905895 0.0186704 -0.000466274 -0.000907562 0.999999 -0.999664
0.999991 0.00427852 -0.000122285 0.0212515 -0.00427853 0.999991 -6.34536e-005 0.00485834 0.000122012 6.39762e-005 1 -0.999762
0.999994 0.00267446 0.00199216 -0.00931831 -0.00267653 0.999996 0.00104141 0.00194624 -0.00198936 -0.00104674 0.999997 -0.999955
0.999996 0.00215577 0.00166231 -0.0176682 -0.00215532 0.999998 -0.000271155 0.00374158 -0.00166289 0.000267571 0.999999 -0.999837
0.999998 -1.95524e-005 0.00176045 0.00966141 2.2395e-005 0.999999 -0.0016147 0.00905677 -0.00176041 0.00161474 0.999997 -0.999912
0.999995 -0.00258157 0.00163587 -0.00909771 0.00258489 0.999995 -0.00203156 0.0147544 -0.00163061 0.00203578 0.999997 -0.99985
0.999999 0.000802149 0.00102072 0.0107251 -0.000798997 0.999995 -0.00308435 0.0174607 -0.00102319 0.00308354 0.999995 -0.99979
0.999993 -0.00364228 0.000904201 -0.00913642 0.0036449 0.999989 -0.0029143 0.0315428 -0.000893576 0.00291758 0.999995 -0.999461
0.999999 -0.00142272 1.28479e-005 0.00539522 0.00142273 0.999998 -0.00112984 0.0128928 -1.12405e-005 0.00112986 0.999999 -0.999902
0.999996 -0.00281382 0.000703992 -0.0328358 0.00281392 0.999996 -0.000152112 0.00674926 -0.000703561 0.000154092 1 -0.999438
1 0.000142171 -0.000950207 -0.0130395 -0.000145571 0.999994 -0.00357885 0.0379126 0.000949692 0.00357899 0.999993 -0.999196
0.999998 0.000193342 -0.00182493 0.00333074 -0.000197804 0.999997 -0.00244503 0.0218 0.00182445 0.00244539 0.999995 -0.999757
0.999999 -0.000361812 -0.00139817 0.0184838 0.000357469 0.999995 -0.00310514 0.029864 0.00139929 0.00310463 0.999994 -0.999383
0.999999 0.0010092 0.000225479 -0.0578067 -0.00100845 0.999994 -0.00329076 0.00923444 -0.000228799 0.00329053 0.999995 -0.998285
0.999994 -0.00284884 -0.00198884 0.0172337 0.002845 0.999994 -0.00192757 0.0230658 0.00199432 0.0019219 0.999996 -0.999585
0.999999 -0.000379294 -0.000978112 -0.030755 0.000378789 1 -0.000516308 0.0318292 0.000978308 0.000515938 0.999999 -0.99902
0.999999 0.00108458 0.000435164 -0.0218991 -0.00108454 0.999999 -8.18083e-005 0.0259224 -0.000435253 8.13363e-005 1 -0.999424
0.999999 -0.00014628 -0.00134179 0.0254055 0.000144141 0.999999 -0.00159376 0.033439 0.00134203 0.00159356 0.999998 -0.999118
0.99999 0.00442755 -9.86735e-005 -0.00201121 -0.00442777 0.999988 -0.00226042 -0.00315445 8.86641e-005 0.00226084 0.999997 -0.999993
0.999992 0.00389724 -1.42213e-005 -0.0369728 -0.00389727 0.999984 -0.00421744 0.0240472 -2.21536e-006 0.00421746 0.999991 -0.999027
0.999996 0.00234676 -0.00139272 0.00556086 -0.00234869 0.999996 -0.00138323 0.0221191 0.00138947 0.0013865 0.999998 -0.99974
0.999998 0.00155333 -0.000810749 -0.00200794 -0.00155355 0.999999 -0.000267297 0.0222391 0.000810333 0.000268556 1 -0.999751
0.999996 0.00227459 -0.00154936 0.00164661 -0.00227393 0.999997 0.000433268 0.00954407 0.00155034 -0.000429744 0.999999 -0.999953
0.999992 0.00364338 0.00141344 -0.0419819 -0.00364193 0.999993 -0.00102337 0.0240371 -0.00141716 0.00101821 0.999998 -0.998829
0.999984 0.00521564 0.00205801 -0.0207215 -0.00521345 0.999986 -0.00106821 0.022884 -0.00206355 0.00105747 0.999997 -0.999523
0.999997 0.00239827 -0.000173038 0.01399 -0.00239815 0.999997 0.000740169 0.0293887 0.000174812 -0.000739752 1 -0.99947
0.999992 0.00341852 0.0020421 -0.0518298 -0.00341654 0.999994 -0.000969971 0.00370385 -0.0020454 0.000962986 0.999997 -0.998649
0.999998 0.00209176 -9.0573e-005 0.0171633 -0.00209189 0.999997 -0.00147382 0.0203439 8.74899e-005 0.001474 0.999999 -0.999646
0.999997 0.000781603 0.00225022 -0.0314871 -0.000772355 0.999991 -0.00410767 0.0247023 -0.00225341 0.00410592 0.999989 -0.999199
0.999996 -0.00248835 0.00140795 -0.0441016 0.00249101 0.999995 -0.00189763 0.0737232 -0.00140322 0.00190113 0.999997 -0.996303
0.999999 -0.000881935 -0.000827286 0.0391996 0.000881641 1 -0.000355755 0.0292485 0.0008276 0.000355025 1 -0.998803
1 0.000426031 0.000600538 0.0178415 -0.000426817 0.999999 0.00130935 0.0183201 -0.00059998 -0.00130961 0.999999 -0.999673
0.999999 0.000766446 0.000805604 -0.00506527 -0.000766537 1 0.000113028 0.00939598 -0.000805517 -0.000113645 1 -0.999943
0.999999 0.000477595 0.00144487 -0.00875503 -0.000475496 0.999999 -0.00145297 0.0132473 -0.00144556 0.00145228 0.999998 -0.999874
0.999997 0.00193047 0.00138935 -0.00957417 -0.00192872 0.999997 -0.00125582 0.00911211 -0.00139177 0.00125314 0.999998 -0.999913
0.999995 0.00149411 0.00263306 -0.0285537 -0.00149339 0.999999 -0.00027593 0.0248591 -0.00263347 0.000271996 0.999996 -0.999283
0.999998 -0.00199998 0.000611575 -0.00427214 0.00200076 0.999997 -0.00128685 0.0413564 -0.000608999 0.00128808 0.999999 -0.999135
0.999996 -0.00226668 -0.00161784 0.0481748 0.00226735 0.999997 0.000407856 0.000766237 0.00161691 -0.000411522 0.999999 -0.998839
0.999999 -0.000117817 -0.00114878 0.041462 0.000116782 1 -0.000900361 0.00144827 0.00114888 0.000900226 0.999999 -0.999139
0.999997 -0.00231974 -0.000184146 -0.00311091 0.00231933 0.999995 -0.00218478 0.0325259 0.000189213 0.00218435 0.999998 -0.999466
1 0.000211039 0.000916727 -0.00974388 -0.000208936 0.999997 -0.00229409 0.0229592 -0.000917208 0.0022939 0.999997 -0.999689
0.999998 0.000875485 0.00190126 -0.0440644 -0.000868439 0.999993 -0.00370415 0.0433611 -0.00190448 0.00370249 0.999991 -0.998087
0.999999 0.000765466 0.00127576 0.00810468 -0.000760246 0.999991 -0.00408691 0.0170647 -0.00127888 0.00408593 0.999991 -0.999822
0.999997 0.00187155 0.0016402 -0.0143283 -0.00186464 0.999989 -0.00420466 0.0258419 -0.00164805 0.00420159 0.99999 -0.999563
0.999997 0.000369456 0.00258033 -0.00284581 -0.000360128 0.999993 -0.00361447 0.0285349 -0.00258164 0.00361353 0.99999 -0.999589
0.999994 0.00247239 0.00252519 0.00643817 -0.00246451 0.999992 -0.00311797 0.0360665 -0.00253288 0.00311173 0.999992 -0.999329
0.999996 0.00169942 0.002268 -0.0191498 -0.00169505 0.999997 -0.00192664 0.0187257 -0.00227127 0.00192279 0.999996 -0.999641
0.999997 -0.00110745 0.00206388 -0.0167194 0.00110699 0.999999 0.000224121 0.00153961 -0.00206413 -0.000221836 0.999998 -0.999859
0.999998 -0.00203881 0.000824032 0.0166444 0.00203971 0.999997 -0.0010946 0.0244 -0.000821798 0.00109628 0.999999 -0.999564
0.999999 0.000975158 -0.00140014 0.0687333 -0.000973915 0.999999 0.000888078 0.00659337 0.001401 -0.000886713 0.999999 -0.997613
0.999998 0.00166797 0.000571194 -0.0067214 -0.00166751 0.999998 -0.00081695 0.0191938 -0.000572556 0.000815996 1 -0.999793
0.999999 -0.00127053 -0.000917988 0.0360085 0.00127104 0.999999 0.000560142 -0.00469265 0.000917275 -0.000561308 0.999999 -0.99934
0.999994 0.00237262 -0.00265989 0.0309001 -0.00236939 0.999996 0.00121705 -0.000470508 0.00266276 -0.00121074 0.999996 -0.999522
0.999989 0.00444189 -0.00146311 0.00346094 -0.00444106 0.99999 0.000572258 0.0253202 0.00146564 -0.000565754 0.999999 -0.999673
0.999999 0.00153781 0.00017528 -0.0135101 -0.00153738 0.999996 -0.00244287 0.0551151 -0.000179036 0.0024426 0.999997 -0.998389
0.999999 0.00065926 -0.000944881 0.000466274 -0.000660562 0.999999 -0.00137788 0.0387881 0.000943972 0.0013785 0.999999 -0.999247
0.999999 0.00151606 9.62501e-005 0.0186986 -0.00151601 0.999999 -0.00057879 0.0581563 -9.71275e-005 0.000578644 1 -0.998132
0.999999 -0.000652445 -0.00111523 0.0222173 0.000655907 0.999995 0.00310698 0.00717571 0.0011132 -0.00310771 0.999995 -0.999727
0.999997 -0.00106875 -0.00206032 0.0202909 0.00107448 0.999996 0.00278124 -0.00450826 0.00205733 -0.00278344 0.999994 -0.999784
0.999998 -0.00159892 -0.00128675 0.00797039 0.00159933 0.999999 0.000315738 0.015908 0.00128624 -0.000317796 0.999999 -0.999842
0.999992 -0.00195032 -0.00343519 0.0456908 0.00194892 0.999998 -0.000411398 0.0478878 0.00343599 0.0004047 0.999994 -0.997807
0.999999 0.00119135 -0.000699431 0.00869516 -0.00119185 0.999999 -0.00070687 0.0404627 0.000698588 0.000707703 1 -0.999143
0.999997 0.00219877 0.00144567 -0.069555 -0.00220072 0.999997 0.00134898 0.00541154 -0.0014427 -0.00135215 0.999998 -0.997563
0.999993 -1.42166e-005 -0.00366309 0.0422148 1.62735e-005 1 0.000561476 0.0187195 0.00366308 -0.000561531 0.999993 -0.998933
0.999992 -0.00134784 -0.00378146 0.0206063 0.0013589 0.999995 0.00292278 -0.0485086 0.0037775 -0.0029279 0.999989 -0.99861
0.999982 0.00151018 -0.00575223 0.00896196 -0.00150346 0.999998 0.00117343 0.033526 0.00575399 -0.00116476 0.999983 -0.999398
0.999951 0.000484355 -0.00986372 0.0686138 -0.000471561 0.999999 0.00129938 0.00903371 0.00986434 -0.00129467 0.999951 -0.997602
0.999936 -0.00194291 -0.0111143 0.0285868 0.00193807 0.999998 -0.00044565 -0.00768917 0.0111151 0.000424081 0.999938 -0.999562
0.999935 -0.0020442 -0.0112225 0.00163403 0.00199956 0.99999 -0.00398766 0.0300026 0.0112306 0.00396496 0.999929 -0.999548
0.999906 -0.000388287 -0.0137358 0.00484137 0.000323649 0.999989 -0.00470767 -0.00153503 0.0137375 0.00470278 0.999895 -0.999987
0.999876 -6.67224e-005 -0.0157468 -0.00602822 -1.00523e-005 0.999988 -0.00487545 0.0291845 0.0157469 0.00487501 0.999864 -0.999556
0.999836 -0.000118926 -0.0181046 -0.0244316 0.000120875 1 0.000106584 0.0177332 0.0181046 -0.000108755 0.999836 -0.999544
0.999787 -0.00181508 -0.0205661 -0.0141837 0.00180746 0.999998 -0.000388742 0.00436369 0.0205667 0.000351486 0.999788 -0.99989
0.999779 -0.00243734 -0.0208944 -0.0502437 0.00238951 0.999994 -0.0023135 0.0281517 0.0208999 0.00226306 0.999779 -0.99834
0.999695 0.00150217 -0.0246523 -0.0293104 -0.00156766 0.999995 -0.00263756 0.02716 0.0246482 0.0026754 0.999693 -0.999201
0.999598 0.000917677 -0.0283222 0.0229563 -0.000859831 0.999998 0.00205455 -0.0190327 0.028324 -0.00202937 0.999597 -0.999555
0.999547 0.000941186 -0.0300709 0.0378037 -0.000845854 0.999995 0.0031828 0.00444028 0.0300737 -0.00315592 0.999543 -0.999275
0.999654 0.00197037 -0.026244 -0.00237029 -0.00190961 0.999995 0.00234022 0.00848733 0.0262485 -0.0022893 0.999653 -0.999961
0.999634 0.00195839 -0.0269839 -0.00957862 -0.00194948 0.999998 0.000356604 0.0345573 0.0269845 -0.000303869 0.999636 -0.999357
0.999659 0.00380188 -0.0258432 -0.00909101 -0.00377538 0.999992 0.00107396 -0.0105687 0.0258471 -0.000976024 0.999665 -0.999903
0.999673 0.00300442 -0.0254105 -0.000504939 -0.003024 0.999995 -0.000731994 0.00862793 0.0254081 0.000808595 0.999677 -0.999963
0.999734 0.00423039 -0.0226689 -0.122468 -0.00425403 0.99999 -0.000994693 -0.00237546 0.0226644 0.00109086 0.999743 -0.99247
0.999685 0.00271994 -0.0249462 0.0130221 -0.00273037 0.999996 -0.0003842 0.0116385 0.0249451 0.000452192 0.999689 -0.999847
0.999725 0.00104591 -0.0234432 -0.0531203 -0.00108058 0.999998 -0.00146636 0.060507 0.0234416 0.00149128 0.999724 -0.996753
0.999722 0.00149001 -0.0235292 -0.0298366 -0.00152869 0.999998 -0.0016258 0.0394523 0.0235267 0.00166132 0.999722 -0.998776
0.999703 0.00304449 -0.0241709 -0.02879 -0.00300825 0.999994 0.00153553 0.00550821 0.0241754 -0.00146236 0.999707 -0.99957
0.999639 0.00027529 -0.0268698 0.0581162 -0.000237692 0.999999 0.00140242 0.024342 0.0268702 -0.00139553 0.999638 -0.998013
0.999692 0.00195439 -0.0247501 0.0187379 -0.00191342 0.999997 0.00167885 0.0169857 0.0247533 -0.00163098 0.999692 -0.99968
0.99974 0.00205816 -0.022704 0.000746902 -0.00202905 0.999997 0.00130547 0.0246478 0.0227066 -0.00125907 0.999741 -0.999696
0.999786 0.00256863 -0.0205104 -0.03876 -0.00253295 0.999995 0.00176529 0.00842978 0.0205148 -0.00171296 0.999788 -0.999213
0.999835 0.00123209 -0.0181504 -0.0460873 -0.00122381 0.999999 0.000467131 0.0143149 0.018151 -0.000444841 0.999835 -0.998835
0.99976 -0.000958423 -0.0218965 0.031389 0.000990832 0.999998 0.00146931 0.0141145 0.0218951 -0.00149065 0.999759 -0.999408
0.999877 -0.00112224 -0.0156484 -0.0447465 0.00112018 0.999999 -0.000140172 0.0323222 0.0156485 0.000122626 0.999878 -0.998475
0.999856 0.00192958 -0.0168692 -0.039133 -0.00192037 0.999998 0.000562392 0.0197171 0.0168703 -0.000529916 0.999858 -0.999039
0.999747 -6.15589e-005 -0.0224969 0.0586678 8.40459e-005 0.999999 0.000998616 0.00485947 0.0224968 -0.00100025 0.999746 -0.998266
0.999802 0.000200037 -0.0199187 0.00861187 -0.000192906 1 0.000359917 0.00270213 0.0199187 -0.000356003 0.999802 -0.999959
0.99984 0.00372707 -0.0174705 -0.041126 -0.00374512 0.999992 -0.00100038 0.0190498 0.0174667 0.00106565 0.999847 -0.998972
0.999823 0.00116087 -0.0187716 0.00406528 -0.00118994 0.999998 -0.00153747 0.0300332 0.0187698 0.00155953 0.999823 -0.999541
0.999759 -0.0017357 -0.0218756 0.0688903 0.00175073 0.999998 0.000667709 0.0332969 0.0218744 -0.000705846 0.99976 -0.997068
0.999798 0.00012622 -0.0201132 0.0535779 -0.000101383 0.999999 0.00123587 0.015727 0.0201134 -0.00123358 0.999797 -0.99844
0.999827 0.00116226 -0.0185752 0.0241129 -0.00109653 0.999993 0.00354838 0.0129589 0.0185792 -0.00352739 0.999821 -0.999625
0.999841 0.00238801 -0.0176869 -0.0193005 -0.00231359 0.999988 0.00422649 -0.0211889 0.0176968 -0.0041849 0.999835 -0.999589
0.999799 -0.00569843 -0.0192305 0.00832695 0.00575022 0.99998 0.00263911 0.0114216 0.019215 -0.00274916 0.999812 -0.9999
0.999758 0.00120134 -0.0219464 0.0277279 -0.00115313 0.999997 0.00220899 -0.0127867 0.021949 -0.00218315 0.999757 -0.999534
0.999748 0.000677062 -0.022453 0.0101207 -0.000722934 0.999998 -0.00203496 0.0126708 0.0224516 0.00205067 0.999746 -0.999869
0.999737 0.000715261 -0.022913 -0.0216248 -0.000778549 0.999996 -0.00275333 0.0306922 0.0229109 0.00277044 0.999734 -0.999295
0.999707 0.000667489 -0.024177 -0.000531719 -0.000701605 0.999999 -0.00140262 0.0253813 0.024176 0.00141917 0.999707 -0.999678
0.999657 0.000773598 -0.0261947 0.00031521 -0.000780913 1 -0.000269026 0.0145426 0.0261945 0.00028939 0.999657 -0.999894
0.999655 0.00423907 -0.0259033 -0.0128105 -0.00419959 0.99999 0.00157824 -0.0123099 0.0259097 -0.00146892 0.999663 -0.999842
0.999601 0.00217857 -0.0281665 0.0025969 -0.00218839 0.999998 -0.000317864 0.0341745 0.0281657 0.000379376 0.999603 -0.999413
0.999642 0.00292221 -0.0266006 -0.00710322 -0.00291892 0.999996 0.000162441 0.0166821 0.026601 -8.4738e-005 0.999646 -0.999836
0.999662 0.00479747 -0.0255347 -0.00462391 -0.00479985 0.999988 -3.16168e-005 0.0187647 0.0255343 0.000154169 0.999674 -0.999813
0.999621 0.00247651 -0.0274177 0.0155327 -0.00251691 0.999996 -0.00143911 0.0268886 0.027414 0.00150757 0.999623 -0.999518
0.999699 0.0014214 -0.0245058 -0.0156429 -0.00143409 0.999999 -0.000500316 0.0205703 0.024505 0.000535309 0.9997 -0.999666
0.999718 0.000951145 -0.0237302 0.00363805 -0.000916258 0.999998 0.00148098 0.0115882 0.0237316 -0.00145882 0.999717 -0.999926
0.999774 0.00136064 -0.021227 -0.0236541 -0.00134775 0.999999 0.000621871 0.010461 0.0212278 -0.000593122 0.999774 -0.999665
0.999808 0.00193751 -0.0195076 0.0126183 -0.00197373 0.999996 -0.00183769 0.0186575 0.019504 0.00187584 0.999808 -0.999746
0.999804 -0.00127802 -0.0197325 -0.00718319 0.00123875 0.999997 -0.00200176 -0.00236568 0.019735 0.00197692 0.999803 -0.999971
